Linux 5.14.0-427.el9.x86_64 (centos) 	06/26/2024 	_x86_64_	(16 CPU)

11:50:32 PM  CPU    %usr   %nice    %sys %iowait    %irq   %soft  %steal  %guest  %gnice   %idle
11:50:33 PM  all    0.25    0.00    0.25    0.00    0.06    0.06    0.00    0.00    0.00   99.38
11:50:33 PM    0    0.00    0.00    0.00    0.00    0.00    0.00    0.00    0.00    0.00  100.00
11:50:33 PM    1    0.99    0.00    0.00    0.00    0.00    0.00    0.00    0.00    0.00   99.01
11:50:33 PM    2    0.00    0.00    0.00    0.00    0.00    0.00    0.00    0.00    0.00  100.00
11:50:33 PM    3    0.00    0.00    0.00    0.00    0.00    0.00    0.00    0.00    0.00  100.00
11:50:33 PM    4    0.00    0.00    0.00    0.00    0.00    0.00    0.00    0.00    0.00  100.00
11:50:33 PM    5    0.00    0.00    0.00    0.00    0.00    0.00    0.00    0.00    0.00  100.00
11:50:33 PM    6    0.00    0.00    0.00    0.00    0.00    0.00    0.00    0.00    0.00  100.00
11:50:33 PM    7    1.00    0.00    0.00    0.00    0.00    0.00    0.00    0.00    0.00   99.00
11:50:33 PM    8    0.00    0.00    0.99    0.00    0.00    0.00    0.00    0.00    0.00   99.01
11:50:33 PM    9    0.00    0.00    1.00    0.00    0.00    0.00    0.00    0.00    0.00   99.00
11:50:33 PM   10    0.00    0.00    0.00    0.00    0.99    0.00    0.00    0.00    0.00   99.01
11:50:33 PM   11    0.99    0.00    0.00    0.00    0.00    0.00    0.00    0.00    0.00   99.01
11:50:33 PM   12    0.00    0.00    0.99    0.00    0.00    0.00    0.00    0.00    0.00   99.01
11:50:33 PM   13    0.00    0.00    0.00    0.00    0.00    0.00    0.00    0.00    0.00  100.00
11:50:33 PM   14    0.00    0.00    0.00    0.00    0.00    0.99    0.00    0.00    0.00   99.01
11:50:33 PM   15    0.99    0.00    0.99    0.00    0.00    0.00    0.00    0.00    0.00   98.02

11:50:33 PM  CPU    %usr   %nice    %sys %iowait    %irq   %soft  %steal  %guest  %gnice   %idle
11:50:34 PM  all    0.19    0.00    0.19    0.00    0.06    0.06    0.00    0.00    0.00   99.50
11:50:34 PM    0    0.00    0.00    0.00    0.00    0.00    0.00    0.00    0.00    0.00  100.00
11:50:34 PM    1    0.00    0.00    1.00    0.00    0.00    0.00    0.00    0.00    0.00   99.00
11:50:34 PM    2    0.00    0.00    0.00    0.00    0.00    0.00    0.00    0.00    0.00  100.00
11:50:34 PM    3    0.00    0.00    0.00    0.00    0.00    0.00    0.00    0.00    0.00  100.00
11:50:34 PM    4    0.00    0.00    0.00    0.00    0.00    0.00    0.00    0.00    0.00  100.00
11:50:34 PM    5    0.00    0.00    0.00    0.00    0.00    0.00    0.00    0.00    0.00  100.00
11:50:34 PM    6    0.00    0.00    0.00    0.00    0.00    0.00    0.00    0.00    0.00  100.00
11:50:34 PM    7    0.00    0.00    1.00    0.00    0.00    0.00    0.00    0.00    0.00   99.00
11:50:34 PM    8    0.00    0.00    0.00    0.00    0.00    1.00    0.00    0.00    0.00   99.00
11:50:34 PM    9    0.99    0.00    0.00    0.00    0.00    0.00    0.00    0.00    0.00   99.01
11:50:34 PM   10    1.00    0.00    0.00    0.00    0.00    0.00    0.00    0.00    0.00   99.00
11:50:34 PM   11    0.00    0.00    0.00    0.00    0.00    0.00    0.00    0.00    0.00  100.00
11:50:34 PM   12    0.00    0.00    0.00    0.00    0.00    0.00    0.00    0.00    0.00  100.00
11:50:34 PM   13    0.00    0.00    0.00    0.00    0.99    0.00    0.00    0.00    0.00   99.01
11:50:34 PM   14    1.00    0.00    1.00    0.00    0.00    0.00    0.00    0.00    0.00   98.00
11:50:34 PM   15    0.00    0.00    0.00    0.00    0.00    0.00    0.00    0.00    0.00  100.00

11:50:34 PM  CPU    %usr   %nice    %sys %iowait    %irq   %soft  %steal  %guest  %gnice   %idle
11:50:35 PM  all    0.06    0.00    0.13    0.00    0.06    0.06    0.00    0.00    0.00   99.69
11:50:35 PM    0    0.00    0.00    0.00    0.00    0.00    0.00    0.00    0.00    0.00  100.00
11:50:35 PM    1    0.00    0.00    0.00    0.00    0.00    0.00    0.00    0.00    0.00  100.00
11:50:35 PM    2    0.00    0.00    0.00    0.00    0.00    0.00    0.00    0.00    0.00  100.00
11:50:35 PM    3    0.00    0.00    0.00    0.00    0.00    0.00    0.00    0.00    0.00  100.00
11:50:35 PM    4    0.99    0.00    0.00    0.00    0.00    0.00    0.00    0.00    0.00   99.01
11:50:35 PM    5    0.00    0.00    0.00    0.00    0.00    0.00    0.00    0.00    0.00  100.00
11:50:35 PM    6    0.00    0.00    1.00    0.00    0.00    0.00    0.00    0.00    0.00   99.00
11:50:35 PM    7    0.00    0.00    0.00    0.00    0.00    0.00    0.00    0.00    0.00  100.00
11:50:35 PM    8    0.00    0.00    0.00    0.00    0.00    0.00    0.00    0.00    0.00  100.00
11:50:35 PM    9    0.00    0.00    0.00    0.00    0.99    0.00    0.00    0.00    0.00   99.01
11:50:35 PM   10    0.00    0.00    0.00    0.00    0.00    0.00    0.00    0.00    0.00  100.00
11:50:35 PM   11    0.00    0.00    1.00    0.00    0.00    0.00    0.00    0.00    0.00   99.00
11:50:35 PM   12    0.00    0.00    0.00    0.00    0.00    0.00    0.00    0.00    0.00  100.00
11:50:35 PM   13    0.00    0.00    0.00    0.00    0.00    0.00    0.00    0.00    0.00  100.00
11:50:35 PM   14    0.00    0.00    0.00    0.00    0.00    0.00    0.00    0.00    0.00  100.00
11:50:35 PM   15    0.00    0.00    0.00    0.00    0.00    1.00    0.00    0.00    0.00   99.00

11:50:35 PM  CPU    %usr   %nice    %sys %iowait    %irq   %soft  %steal  %guest  %gnice   %idle
11:50:36 PM  all    7.04    0.00    3.64    0.00    0.06    1.01    0.00    0.00    0.00   88.25
11:50:36 PM    0    8.00    0.00    3.00    0.00    0.00    1.00    0.00    0.00    0.00   88.00
11:50:36 PM    1    7.07    0.00    4.04    0.00    0.00    1.01    0.00    0.00    0.00   87.88
11:50:36 PM    2    7.92    0.00    2.97    0.00    0.00    1.98    0.00    0.00    0.00   87.13
11:50:36 PM    3    6.93    0.00    3.96    0.00    0.00    1.98    0.00    0.00    0.00   87.13
11:50:36 PM    4    7.07    0.00    3.03    0.00    0.00    1.01    0.00    0.00    0.00   88.89
11:50:36 PM    5    8.00    0.00    4.00    0.00    0.00    0.00    0.00    0.00    0.00   88.00
11:50:36 PM    6    8.00    0.00    3.00    0.00    0.00    1.00    0.00    0.00    0.00   88.00
11:50:36 PM    7    8.16    0.00    3.06    0.00    0.00    0.00    0.00    0.00    0.00   88.78
11:50:36 PM    8    7.14    0.00    3.06    0.00    0.00    0.00    0.00    0.00    0.00   89.80
11:50:36 PM    9    6.12    0.00    5.10    0.00    0.00    1.02    0.00    0.00    0.00   87.76
11:50:36 PM   10    5.94    0.00    4.95    0.00    0.00    1.98    0.00    0.00    0.00   87.13
11:50:36 PM   11    5.94    0.00    2.97    0.00    0.99    1.98    0.00    0.00    0.00   88.12
11:50:36 PM   12    7.00    0.00    3.00    0.00    0.00    1.00    0.00    0.00    0.00   89.00
11:50:36 PM   13    7.07    0.00    3.03    0.00    0.00    0.00    0.00    0.00    0.00   89.90
11:50:36 PM   14    5.10    0.00    5.10    0.00    0.00    1.02    0.00    0.00    0.00   88.78
11:50:36 PM   15    7.07    0.00    4.04    0.00    0.00    1.01    0.00    0.00    0.00   87.88

11:50:36 PM  CPU    %usr   %nice    %sys %iowait    %irq   %soft  %steal  %guest  %gnice   %idle
11:50:37 PM  all   55.20    0.00   26.94    0.00    0.94    8.71    0.00    0.00    0.00    8.21
11:50:37 PM    0   56.44    0.00   26.73    0.00    0.99    8.91    0.00    0.00    0.00    6.93
11:50:37 PM    1   59.00    0.00   29.00    0.00    1.00    7.00    0.00    0.00    0.00    4.00
11:50:37 PM    2   52.53    0.00   28.28    0.00    1.01    9.09    0.00    0.00    0.00    9.09
11:50:37 PM    3   58.59    0.00   26.26    0.00    1.01    8.08    0.00    0.00    0.00    6.06
11:50:37 PM    4   51.00    0.00   28.00    0.00    1.00    9.00    0.00    0.00    0.00   11.00
11:50:37 PM    5   52.53    0.00   25.25    0.00    1.01    8.08    0.00    0.00    0.00   13.13
11:50:37 PM    6   58.00    0.00   27.00    0.00    1.00    8.00    0.00    0.00    0.00    6.00
11:50:37 PM    7   54.46    0.00   28.71    0.00    0.99    8.91    0.00    0.00    0.00    6.93
11:50:37 PM    8   56.57    0.00   26.26    0.00    1.01    8.08    0.00    0.00    0.00    8.08
11:50:37 PM    9   56.44    0.00   25.74    0.00    0.99    7.92    0.00    0.00    0.00    8.91
11:50:37 PM   10   56.57    0.00   25.25    0.00    1.01    8.08    0.00    0.00    0.00    9.09
11:50:37 PM   11   53.06    0.00   26.53    0.00    0.00   10.20    0.00    0.00    0.00   10.20
11:50:37 PM   12   51.52    0.00   27.27    0.00    1.01   10.10    0.00    0.00    0.00   10.10
11:50:37 PM   13   55.56    0.00   25.25    0.00    1.01    9.09    0.00    0.00    0.00    9.09
11:50:37 PM   14   53.47    0.00   27.72    0.00    0.99   10.89    0.00    0.00    0.00    6.93
11:50:37 PM   15   57.43    0.00   27.72    0.00    0.99    7.92    0.00    0.00    0.00    5.94

11:50:37 PM  CPU    %usr   %nice    %sys %iowait    %irq   %soft  %steal  %guest  %gnice   %idle
11:50:38 PM  all   47.71    0.00   22.42    0.00    0.75    7.95    0.06    0.00    0.00   21.10
11:50:38 PM    0   50.51    0.00   22.22    0.00    1.01    6.06    0.00    0.00    0.00   20.20
11:50:38 PM    1   50.50    0.00   22.77    0.00    0.99    8.91    0.00    0.00    0.00   16.83
11:50:38 PM    2   51.49    0.00   23.76    0.00    0.99    6.93    0.00    0.00    0.00   16.83
11:50:38 PM    3   48.51    0.00   21.78    0.00    0.99    6.93    0.00    0.00    0.00   21.78
11:50:38 PM    4   40.40    0.00   19.19    0.00    1.01    7.07    0.00    0.00    0.00   32.32
11:50:38 PM    5   37.62    0.00   15.84    0.00    0.99    8.91    0.00    0.00    0.00   36.63
11:50:38 PM    6   48.48    0.00   21.21    0.00    1.01    7.07    0.00    0.00    0.00   22.22
11:50:38 PM    7   46.00    0.00   21.00    0.00    1.00    9.00    0.00    0.00    0.00   23.00
11:50:38 PM    8   46.53    0.00   23.76    0.00    0.99    8.91    0.00    0.00    0.00   19.80
11:50:38 PM    9   48.45    0.00   23.71    0.00    0.00    9.28    0.00    0.00    0.00   18.56
11:50:38 PM   10   48.00    0.00   23.00    0.00    1.00    7.00    0.00    0.00    0.00   21.00
11:50:38 PM   11   46.00    0.00   22.00    0.00    1.00    9.00    0.00    0.00    0.00   22.00
11:50:38 PM   12   48.00    0.00   24.00    0.00    0.00    7.00    1.00    0.00    0.00   20.00
11:50:38 PM   13   49.00    0.00   26.00    0.00    0.00    9.00    0.00    0.00    0.00   16.00
11:50:38 PM   14   50.51    0.00   24.24    0.00    1.01    9.09    0.00    0.00    0.00   15.15
11:50:38 PM   15   53.54    0.00   24.24    0.00    0.00    7.07    0.00    0.00    0.00   15.15

11:50:38 PM  CPU    %usr   %nice    %sys %iowait    %irq   %soft  %steal  %guest  %gnice   %idle
11:50:39 PM  all    0.25    0.00    0.37    0.00    0.00    0.12    0.00    0.00    0.00   99.25
11:50:39 PM    0    0.00    0.00    1.00    0.00    0.00    0.00    0.00    0.00    0.00   99.00
11:50:39 PM    1    0.00    0.00    1.00    0.00    0.00    0.00    0.00    0.00    0.00   99.00
11:50:39 PM    2    1.00    0.00    0.00    0.00    0.00    0.00    0.00    0.00    0.00   99.00
11:50:39 PM    3    0.00    0.00    0.00    0.00    0.00    0.00    0.00    0.00    0.00  100.00
11:50:39 PM    4    0.00    0.00    0.00    0.00    0.00    0.00    0.00    0.00    0.00  100.00
11:50:39 PM    5    1.00    0.00    0.00    0.00    0.00    0.00    0.00    0.00    0.00   99.00
11:50:39 PM    6    0.00    0.00    0.00    0.00    0.00    0.00    0.00    0.00    0.00  100.00
11:50:39 PM    7    0.00    0.00    0.00    0.00    0.00    0.00    0.00    0.00    0.00  100.00
11:50:39 PM    8    0.99    0.00    0.00    0.00    0.00    0.99    0.00    0.00    0.00   98.02
11:50:39 PM    9    0.99    0.00    0.99    0.00    0.00    0.00    0.00    0.00    0.00   98.02
11:50:39 PM   10    0.00    0.00    0.00    0.00    0.00    0.00    0.00    0.00    0.00  100.00
11:50:39 PM   11    0.00    0.00    1.00    0.00    0.00    0.00    0.00    0.00    0.00   99.00
11:50:39 PM   12    0.00    0.00    1.00    0.00    0.00    0.00    0.00    0.00    0.00   99.00
11:50:39 PM   13    0.00    0.00    0.00    0.00    0.00    0.00    0.00    0.00    0.00  100.00
11:50:39 PM   14    0.00    0.00    0.00    0.00    0.00    0.00    0.00    0.00    0.00  100.00
11:50:39 PM   15    0.00    0.00    0.99    0.00    0.00    0.99    0.00    0.00    0.00   98.02

11:50:39 PM  CPU    %usr   %nice    %sys %iowait    %irq   %soft  %steal  %guest  %gnice   %idle
11:50:40 PM  all    0.25    0.00    0.19    0.00    0.00    0.00    0.00    0.00    0.00   99.56
11:50:40 PM    0    0.00    0.00    0.00    0.00    0.00    0.00    0.00    0.00    0.00  100.00
11:50:40 PM    1    0.00    0.00    0.00    0.00    0.00    0.00    0.00    0.00    0.00  100.00
11:50:40 PM    2    0.00    0.00    0.00    0.00    0.00    0.00    0.00    0.00    0.00  100.00
11:50:40 PM    3    0.00    0.00    0.00    0.00    0.00    0.00    0.00    0.00    0.00  100.00
11:50:40 PM    4    0.00    0.00    0.00    0.00    0.00    0.00    0.00    0.00    0.00  100.00
11:50:40 PM    5    0.00    0.00    0.00    0.00    0.00    0.00    0.00    0.00    0.00  100.00
11:50:40 PM    6    0.99    0.00    0.99    0.00    0.00    0.00    0.00    0.00    0.00   98.02
11:50:40 PM    7    0.00    0.00    0.99    0.00    0.00    0.00    0.00    0.00    0.00   99.01
11:50:40 PM    8    0.00    0.00    0.00    0.00    0.00    0.00    0.00    0.00    0.00  100.00
11:50:40 PM    9    0.00    0.00    0.00    0.00    0.00    0.00    0.00    0.00    0.00  100.00
11:50:40 PM   10    0.00    0.00    0.00    0.00    0.00    0.00    0.00    0.00    0.00  100.00
11:50:40 PM   11    1.00    0.00    0.00    0.00    0.00    0.00    0.00    0.00    0.00   99.00
11:50:40 PM   12    0.00    0.00    0.00    0.00    0.00    0.00    0.00    0.00    0.00  100.00
11:50:40 PM   13    0.00    0.00    1.00    0.00    0.00    0.00    0.00    0.00    0.00   99.00
11:50:40 PM   14    1.00    0.00    0.00    0.00    0.00    0.00    0.00    0.00    0.00   99.00
11:50:40 PM   15    0.99    0.00    0.00    0.00    0.00    0.00    0.00    0.00    0.00   99.01

11:50:40 PM  CPU    %usr   %nice    %sys %iowait    %irq   %soft  %steal  %guest  %gnice   %idle
11:50:41 PM  all    0.19    0.00    0.19    0.00    0.12    0.00    0.00    0.00    0.00   99.50
11:50:41 PM    0    0.00    0.00    1.00    0.00    0.00    0.00    0.00    0.00    0.00   99.00
11:50:41 PM    1    0.00    0.00    0.00    0.00    0.00    0.00    0.00    0.00    0.00  100.00
11:50:41 PM    2    0.00    0.00    0.00    0.00    0.00    0.00    0.00    0.00    0.00  100.00
11:50:41 PM    3    0.00    0.00    0.00    0.00    0.00    0.00    0.00    0.00    0.00  100.00
11:50:41 PM    4    0.00    0.00    0.00    0.00    0.00    0.00    0.00    0.00    0.00  100.00
11:50:41 PM    5    0.99    0.00    0.00    0.00    0.00    0.00    0.00    0.00    0.00   99.01
11:50:41 PM    6    0.00    0.00    0.00    0.00    0.00    0.00    0.00    0.00    0.00  100.00
11:50:41 PM    7    0.00    0.00    0.00    0.00    0.00    0.00    0.00    0.00    0.00  100.00
11:50:41 PM    8    0.00    0.00    0.99    0.00    0.00    0.00    0.00    0.00    0.00   99.01
11:50:41 PM    9    0.00    0.00    0.98    0.00    0.98    0.00    0.00    0.00    0.00   98.04
11:50:41 PM   10    0.00    0.00    0.00    0.00    0.00    0.00    0.00    0.00    0.00  100.00
11:50:41 PM   11    0.00    0.00    0.00    0.00    0.00    0.00    0.00    0.00    0.00  100.00
11:50:41 PM   12    1.00    0.00    0.00    0.00    0.00    0.00    0.00    0.00    0.00   99.00
11:50:41 PM   13    0.99    0.00    0.00    0.00    0.00    0.00    0.00    0.00    0.00   99.01
11:50:41 PM   14    0.00    0.00    0.00    0.00    0.00    0.00    0.00    0.00    0.00  100.00
11:50:41 PM   15    0.00    0.00    0.00    0.00    1.00    0.00    0.00    0.00    0.00   99.00

11:50:41 PM  CPU    %usr   %nice    %sys %iowait    %irq   %soft  %steal  %guest  %gnice   %idle
11:50:42 PM  all    0.06    0.00    0.19    0.00    0.00    0.00    0.00    0.00    0.00   99.75
11:50:42 PM    0    0.00    0.00    0.00    0.00    0.00    0.00    0.00    0.00    0.00  100.00
11:50:42 PM    1    0.00    0.00    0.00    0.00    0.00    0.00    0.00    0.00    0.00  100.00
11:50:42 PM    2    0.00    0.00    0.00    0.00    0.00    0.00    0.00    0.00    0.00  100.00
11:50:42 PM    3    0.00    0.00    0.00    0.00    0.00    0.00    0.00    0.00    0.00  100.00
11:50:42 PM    4    0.00    0.00    0.00    0.00    0.00    0.00    0.00    0.00    0.00  100.00
11:50:42 PM    5    0.00    0.00    1.00    0.00    0.00    0.00    0.00    0.00    0.00   99.00
11:50:42 PM    6    1.00    0.00    0.00    0.00    0.00    0.00    0.00    0.00    0.00   99.00
11:50:42 PM    7    0.00    0.00    0.00    0.00    0.00    0.00    0.00    0.00    0.00  100.00
11:50:42 PM    8    0.00    0.00    0.00    0.00    0.00    0.00    0.00    0.00    0.00  100.00
11:50:42 PM    9    0.00    0.00    0.00    0.00    0.00    0.00    0.00    0.00    0.00  100.00
11:50:42 PM   10    0.00    0.00    1.00    0.00    0.00    0.00    0.00    0.00    0.00   99.00
11:50:42 PM   11    0.00    0.00    0.00    0.00    0.00    0.00    0.00    0.00    0.00  100.00
11:50:42 PM   12    0.00    0.00    0.99    0.00    0.00    0.00    0.00    0.00    0.00   99.01
11:50:42 PM   13    0.00    0.00    0.00    0.00    0.00    0.00    0.00    0.00    0.00  100.00
11:50:42 PM   14    0.00    0.00    0.00    0.00    0.00    0.00    0.00    0.00    0.00  100.00
11:50:42 PM   15    0.00    0.00    0.00    0.00    0.00    0.00    0.00    0.00    0.00  100.00

11:50:42 PM  CPU    %usr   %nice    %sys %iowait    %irq   %soft  %steal  %guest  %gnice   %idle
11:50:43 PM  all    0.13    0.00    0.19    0.00    0.06    0.00    0.00    0.00    0.00   99.62
11:50:43 PM    0    1.00    0.00    0.00    0.00    0.00    0.00    0.00    0.00    0.00   99.00
11:50:43 PM    1    0.00    0.00    0.00    0.00    0.00    0.00    0.00    0.00    0.00  100.00
11:50:43 PM    2    0.00    0.00    0.00    0.00    0.00    0.00    0.00    0.00    0.00  100.00
11:50:43 PM    3    0.00    0.00    0.00    0.00    0.00    0.00    0.00    0.00    0.00  100.00
11:50:43 PM    4    0.00    0.00    0.00    0.00    0.00    0.00    0.00    0.00    0.00  100.00
11:50:43 PM    5    0.00    0.00    0.00    0.00    0.00    0.00    0.00    0.00    0.00  100.00
11:50:43 PM    6    0.00    0.00    0.00    0.00    0.00    0.00    0.00    0.00    0.00  100.00
11:50:43 PM    7    0.00    0.00    1.00    0.00    0.00    0.00    0.00    0.00    0.00   99.00
11:50:43 PM    8    0.00    0.00    0.00    0.00    0.00    0.00    0.00    0.00    0.00  100.00
11:50:43 PM    9    0.00    0.00    0.00    0.00    0.00    0.00    0.00    0.00    0.00  100.00
11:50:43 PM   10    0.00    0.00    0.00    0.00    0.00    0.00    0.00    0.00    0.00  100.00
11:50:43 PM   11    0.00    0.00    1.00    0.00    0.00    0.00    0.00    0.00    0.00   99.00
11:50:43 PM   12    0.00    0.00    0.00    0.00    1.00    0.00    0.00    0.00    0.00   99.00
11:50:43 PM   13    0.00    0.00    0.00    0.00    0.00    0.00    0.00    0.00    0.00  100.00
11:50:43 PM   14    0.98    0.00    0.98    0.00    0.00    0.00    0.00    0.00    0.00   98.04
11:50:43 PM   15    0.00    0.00    0.00    0.00    0.00    0.00    0.00    0.00    0.00  100.00

11:50:43 PM  CPU    %usr   %nice    %sys %iowait    %irq   %soft  %steal  %guest  %gnice   %idle
11:50:44 PM  all    0.44    0.00    0.56    0.00    0.06    0.00    0.00    0.00    0.00   98.94
11:50:44 PM    0    0.00    0.00    0.00    0.00    0.00    0.00    0.00    0.00    0.00  100.00
11:50:44 PM    1    0.00    0.00    0.99    0.00    0.00    0.00    0.00    0.00    0.00   99.01
11:50:44 PM    2    1.00    0.00    0.00    0.00    0.00    0.00    0.00    0.00    0.00   99.00
11:50:44 PM    3    0.00    0.00    0.99    0.00    0.00    0.00    0.00    0.00    0.00   99.01
11:50:44 PM    4    0.00    0.00    0.00    0.00    0.00    0.00    0.00    0.00    0.00  100.00
11:50:44 PM    5    0.00    0.00    0.00    0.00    0.00    0.00    0.00    0.00    0.00  100.00
11:50:44 PM    6    0.00    0.00    0.99    0.00    0.00    0.00    0.00    0.00    0.00   99.01
11:50:44 PM    7    0.00    0.00    0.00    0.00    0.00    0.00    0.00    0.00    0.00  100.00
11:50:44 PM    8    0.99    0.00    0.99    0.00    0.00    0.00    0.00    0.00    0.00   98.02
11:50:44 PM    9    0.99    0.00    0.99    0.00    0.00    0.00    0.00    0.00    0.00   98.02
11:50:44 PM   10    1.00    0.00    1.00    0.00    0.00    0.00    0.00    0.00    0.00   98.00
11:50:44 PM   11    0.98    0.00    0.98    0.00    0.98    0.00    0.00    0.00    0.00   97.06
11:50:44 PM   12    1.00    0.00    0.00    0.00    0.00    0.00    0.00    0.00    0.00   99.00
11:50:44 PM   13    0.00    0.00    1.00    0.00    0.00    0.00    0.00    0.00    0.00   99.00
11:50:44 PM   14    0.00    0.00    0.00    0.00    0.00    0.00    0.00    0.00    0.00  100.00
11:50:44 PM   15    0.99    0.00    0.99    0.00    0.00    0.00    0.00    0.00    0.00   98.02

Average:     CPU    %usr   %nice    %sys %iowait    %irq   %soft  %steal  %guest  %gnice   %idle
Average:     all    9.30    0.00    4.60    0.00    0.18    1.50    0.01    0.00    0.00   84.41
Average:       0    9.70    0.00    4.52    0.00    0.17    1.34    0.00    0.00    0.00   84.28
Average:       1    9.83    0.00    4.92    0.00    0.17    1.42    0.00    0.00    0.00   83.67
Average:       2    9.52    0.00    4.59    0.00    0.17    1.50    0.00    0.00    0.00   84.22
Average:       3    9.50    0.00    4.42    0.00    0.17    1.42    0.00    0.00    0.00   84.50
Average:       4    8.27    0.00    4.18    0.00    0.17    1.42    0.00    0.00    0.00   85.96
Average:       5    8.35    0.00    3.84    0.00    0.17    1.42    0.00    0.00    0.00   86.23
Average:       6    9.68    0.00    4.51    0.00    0.17    1.34    0.00    0.00    0.00   84.31
Average:       7    9.19    0.00    4.68    0.00    0.17    1.50    0.00    0.00    0.00   84.46
Average:       8    9.34    0.00    4.67    0.00    0.17    1.58    0.00    0.00    0.00   84.24
Average:       9    9.43    0.00    4.84    0.00    0.25    1.50    0.00    0.00    0.00   83.97
Average:      10    9.33    0.00    4.58    0.00    0.25    1.42    0.00    0.00    0.00   84.42
Average:      11    8.92    0.00    4.58    0.00    0.25    1.75    0.00    0.00    0.00   84.50
Average:      12    9.00    0.00    4.75    0.00    0.17    1.50    0.08    0.00    0.00   84.50
Average:      13    9.35    0.00    4.67    0.00    0.17    1.50    0.00    0.00    0.00   84.31
Average:      14    9.36    0.00    4.93    0.00    0.17    1.84    0.00    0.00    0.00   83.71
Average:      15   10.07    0.00    4.91    0.00    0.17    1.50    0.00    0.00    0.00   83.36
