Linux 5.14.0-427.el9.x86_64 (centos) 	06/27/2024 	_x86_64_	(16 CPU)

12:16:40 AM  CPU    %usr   %nice    %sys %iowait    %irq   %soft  %steal  %guest  %gnice   %idle
12:16:41 AM  all    0.38    0.00    0.56    0.00    0.06    0.06    0.00    0.00    0.00   98.94
12:16:41 AM    0    0.00    0.00    1.01    0.00    0.00    0.00    0.00    0.00    0.00   98.99
12:16:41 AM    1    0.00    0.00    0.00    0.00    0.00    1.00    0.00    0.00    0.00   99.00
12:16:41 AM    2    1.00    0.00    0.00    0.00    0.00    0.00    0.00    0.00    0.00   99.00
12:16:41 AM    3    0.00    0.00    0.00    0.00    0.00    0.00    0.00    0.00    0.00  100.00
12:16:41 AM    4    1.00    0.00    0.00    0.00    1.00    0.00    0.00    0.00    0.00   98.00
12:16:41 AM    5    1.00    0.00    0.00    0.00    0.00    0.00    0.00    0.00    0.00   99.00
12:16:41 AM    6    0.00    0.00    0.00    0.00    0.00    0.00    0.00    0.00    0.00  100.00
12:16:41 AM    7    0.00    0.00    0.99    0.00    0.00    0.00    0.00    0.00    0.00   99.01
12:16:41 AM    8    0.00    0.00    1.01    0.00    0.00    0.00    0.00    0.00    0.00   98.99
12:16:41 AM    9    0.99    0.00    0.99    0.00    0.00    0.00    0.00    0.00    0.00   98.02
12:16:41 AM   10    1.00    0.00    0.00    0.00    0.00    0.00    0.00    0.00    0.00   99.00
12:16:41 AM   11    0.00    0.00    1.00    0.00    0.00    0.00    0.00    0.00    0.00   99.00
12:16:41 AM   12    0.00    0.00    1.00    0.00    0.00    0.00    0.00    0.00    0.00   99.00
12:16:41 AM   13    0.99    0.00    0.99    0.00    0.00    0.00    0.00    0.00    0.00   98.02
12:16:41 AM   14    0.00    0.00    1.00    0.00    0.00    0.00    0.00    0.00    0.00   99.00
12:16:41 AM   15    0.00    0.00    1.00    0.00    0.00    0.00    0.00    0.00    0.00   99.00

12:16:41 AM  CPU    %usr   %nice    %sys %iowait    %irq   %soft  %steal  %guest  %gnice   %idle
12:16:42 AM  all    0.38    0.00    0.31    0.00    0.06    0.06    0.00    0.00    0.00   99.19
12:16:42 AM    0    1.00    0.00    0.00    0.00    0.00    0.00    0.00    0.00    0.00   99.00
12:16:42 AM    1    0.00    0.00    0.00    0.00    0.00    0.00    0.00    0.00    0.00  100.00
12:16:42 AM    2    0.00    0.00    0.00    0.00    0.00    0.00    0.00    0.00    0.00  100.00
12:16:42 AM    3    0.00    0.00    1.00    0.00    0.00    0.00    0.00    0.00    0.00   99.00
12:16:42 AM    4    0.00    0.00    1.00    0.00    0.00    0.00    0.00    0.00    0.00   99.00
12:16:42 AM    5    0.00    0.00    0.00    0.00    0.00    0.00    0.00    0.00    0.00  100.00
12:16:42 AM    6    0.00    0.00    1.00    0.00    0.00    0.00    0.00    0.00    0.00   99.00
12:16:42 AM    7    0.00    0.00    0.00    0.00    0.00    0.00    0.00    0.00    0.00  100.00
12:16:42 AM    8    1.00    0.00    0.00    0.00    0.00    0.00    0.00    0.00    0.00   99.00
12:16:42 AM    9    0.00    0.00    0.00    0.00    0.00    0.00    0.00    0.00    0.00  100.00
12:16:42 AM   10    0.00    0.00    0.99    0.00    0.00    0.00    0.00    0.00    0.00   99.01
12:16:42 AM   11    0.98    0.00    0.98    0.00    0.00    0.98    0.00    0.00    0.00   97.06
12:16:42 AM   12    1.01    0.00    0.00    0.00    0.00    0.00    0.00    0.00    0.00   98.99
12:16:42 AM   13    0.00    0.00    0.00    0.00    0.00    0.00    0.00    0.00    0.00  100.00
12:16:42 AM   14    1.00    0.00    0.00    0.00    0.00    0.00    0.00    0.00    0.00   99.00
12:16:42 AM   15    0.99    0.00    0.00    0.00    0.99    0.00    0.00    0.00    0.00   98.02

12:16:42 AM  CPU    %usr   %nice    %sys %iowait    %irq   %soft  %steal  %guest  %gnice   %idle
12:16:43 AM  all    0.50    0.00    0.56    0.00    0.06    0.00    0.00    0.00    0.00   98.88
12:16:43 AM    0    0.99    0.00    0.99    0.00    0.00    0.00    0.00    0.00    0.00   98.02
12:16:43 AM    1    0.00    0.00    1.00    0.00    0.00    0.00    0.00    0.00    0.00   99.00
12:16:43 AM    2    0.00    0.00    0.99    0.00    0.00    0.00    0.00    0.00    0.00   99.01
12:16:43 AM    3    0.99    0.00    0.99    0.00    0.00    0.00    0.00    0.00    0.00   98.02
12:16:43 AM    4    0.00    0.00    0.00    0.00    0.00    0.00    0.00    0.00    0.00  100.00
12:16:43 AM    5    0.00    0.00    0.00    0.00    0.00    0.00    0.00    0.00    0.00  100.00
12:16:43 AM    6    1.00    0.00    0.00    0.00    0.00    0.00    0.00    0.00    0.00   99.00
12:16:43 AM    7    1.00    0.00    0.00    0.00    0.00    0.00    0.00    0.00    0.00   99.00
12:16:43 AM    8    0.00    0.00    1.00    0.00    0.00    0.00    0.00    0.00    0.00   99.00
12:16:43 AM    9    0.99    0.00    0.99    0.00    0.99    0.00    0.00    0.00    0.00   97.03
12:16:43 AM   10    0.00    0.00    0.00    0.00    0.00    0.00    0.00    0.00    0.00  100.00
12:16:43 AM   11    1.01    0.00    0.00    0.00    0.00    0.00    0.00    0.00    0.00   98.99
12:16:43 AM   12    0.99    0.00    0.99    0.00    0.00    0.00    0.00    0.00    0.00   98.02
12:16:43 AM   13    0.00    0.00    0.00    0.00    0.00    0.00    0.00    0.00    0.00  100.00
12:16:43 AM   14    1.00    0.00    1.00    0.00    0.00    0.00    0.00    0.00    0.00   98.00
12:16:43 AM   15    0.00    0.00    1.00    0.00    0.00    0.00    0.00    0.00    0.00   99.00

12:16:43 AM  CPU    %usr   %nice    %sys %iowait    %irq   %soft  %steal  %guest  %gnice   %idle
12:16:44 AM  all   31.06    0.00   18.81    0.00    0.32    8.46    0.00    0.00    0.00   41.35
12:16:44 AM    0   31.63    0.00   19.39    0.00    0.00    8.16    0.00    0.00    0.00   40.82
12:16:44 AM    1   33.00    0.00   19.00    0.00    1.00    9.00    0.00    0.00    0.00   38.00
12:16:44 AM    2   31.31    0.00   20.20    0.00    0.00   11.11    0.00    0.00    0.00   37.37
12:16:44 AM    3   30.00    0.00   19.00    0.00    1.00   11.00    0.00    0.00    0.00   39.00
12:16:44 AM    4   30.30    0.00   18.18    0.00    0.00    7.07    0.00    0.00    0.00   44.44
12:16:44 AM    5   32.00    0.00   19.00    0.00    1.00    6.00    0.00    0.00    0.00   42.00
12:16:44 AM    6   29.70    0.00   16.83    0.00    0.99    8.91    0.00    0.00    0.00   43.56
12:16:44 AM    7   30.30    0.00   18.18    0.00    0.00    8.08    0.00    0.00    0.00   43.43
12:16:44 AM    8   29.29    0.00   17.17    0.00    1.01    9.09    0.00    0.00    0.00   43.43
12:16:44 AM    9   30.61    0.00   17.35    0.00    0.00    9.18    0.00    0.00    0.00   42.86
12:16:44 AM   10   33.67    0.00   21.43    0.00    0.00    5.10    0.00    0.00    0.00   39.80
12:16:44 AM   11   31.63    0.00   20.41    0.00    0.00    9.18    0.00    0.00    0.00   38.78
12:16:44 AM   12   28.28    0.00   17.17    0.00    0.00    8.08    0.00    0.00    0.00   46.46
12:16:44 AM   13   31.63    0.00   18.37    0.00    0.00    6.12    0.00    0.00    0.00   43.88
12:16:44 AM   14   31.31    0.00   21.21    0.00    0.00    9.09    0.00    0.00    0.00   38.38
12:16:44 AM   15   32.32    0.00   18.18    0.00    0.00   10.10    0.00    0.00    0.00   39.39

12:16:44 AM  CPU    %usr   %nice    %sys %iowait    %irq   %soft  %steal  %guest  %gnice   %idle
12:16:45 AM  all   47.12    0.00   23.75    0.00    0.31   12.38    0.00    0.00    0.00   16.44
12:16:45 AM    0   41.00    0.00   21.00    0.00    1.00   11.00    0.00    0.00    0.00   26.00
12:16:45 AM    1   45.45    0.00   25.25    0.00    0.00   15.15    0.00    0.00    0.00   14.14
12:16:45 AM    2   50.50    0.00   24.75    0.00    0.99   10.89    0.00    0.00    0.00   12.87
12:16:45 AM    3   47.47    0.00   24.24    0.00    0.00   10.10    0.00    0.00    0.00   18.18
12:16:45 AM    4   44.55    0.00   24.75    0.00    0.00   16.83    0.00    0.00    0.00   13.86
12:16:45 AM    5   50.51    0.00   24.24    0.00    0.00   11.11    0.00    0.00    0.00   14.14
12:16:45 AM    6   49.00    0.00   23.00    0.00    0.00   14.00    0.00    0.00    0.00   14.00
12:16:45 AM    7   43.56    0.00   22.77    0.00    0.99   12.87    0.00    0.00    0.00   19.80
12:16:45 AM    8   50.00    0.00   23.00    0.00    0.00   12.00    0.00    0.00    0.00   15.00
12:16:45 AM    9   47.47    0.00   23.23    0.00    0.00   14.14    0.00    0.00    0.00   15.15
12:16:45 AM   10   50.51    0.00   23.23    0.00    0.00   11.11    0.00    0.00    0.00   15.15
12:16:45 AM   11   47.00    0.00   27.00    0.00    0.00   11.00    0.00    0.00    0.00   15.00
12:16:45 AM   12   47.47    0.00   23.23    0.00    0.00   13.13    0.00    0.00    0.00   16.16
12:16:45 AM   13   41.18    0.00   19.61    0.00    0.98   11.76    0.00    0.00    0.00   26.47
12:16:45 AM   14   50.50    0.00   25.74    0.00    0.99    9.90    0.00    0.00    0.00   12.87
12:16:45 AM   15   48.00    0.00   25.00    0.00    0.00   13.00    0.00    0.00    0.00   14.00

12:16:45 AM  CPU    %usr   %nice    %sys %iowait    %irq   %soft  %steal  %guest  %gnice   %idle
12:16:46 AM  all   45.32    0.00   22.57    0.00    0.69   12.22    0.00    0.00    0.00   19.20
12:16:46 AM    0   43.00    0.00   19.00    0.00    0.00   14.00    0.00    0.00    0.00   24.00
12:16:46 AM    1   43.56    0.00   23.76    0.00    0.99   13.86    0.00    0.00    0.00   17.82
12:16:46 AM    2   52.53    0.00   23.23    0.00    0.00   12.12    0.00    0.00    0.00   12.12
12:16:46 AM    3   44.44    0.00   19.19    0.00    1.01   12.12    0.00    0.00    0.00   23.23
12:16:46 AM    4   52.94    0.00   27.45    0.00    0.98    8.82    0.00    0.00    0.00    9.80
12:16:46 AM    5   43.00    0.00   23.00    0.00    1.00   14.00    0.00    0.00    0.00   19.00
12:16:46 AM    6   50.50    0.00   26.73    0.00    0.99   10.89    0.00    0.00    0.00   10.89
12:16:46 AM    7   38.38    0.00   21.21    0.00    0.00   14.14    0.00    0.00    0.00   26.26
12:16:46 AM    8   50.50    0.00   21.78    0.00    0.99    9.90    0.00    0.00    0.00   16.83
12:16:46 AM    9   41.58    0.00   19.80    0.00    0.99   11.88    0.00    0.00    0.00   25.74
12:16:46 AM   10   47.00    0.00   24.00    0.00    1.00   13.00    0.00    0.00    0.00   15.00
12:16:46 AM   11   40.59    0.00   19.80    0.00    0.99   13.86    0.00    0.00    0.00   24.75
12:16:46 AM   12   34.65    0.00   21.78    0.00    0.99   12.87    0.00    0.00    0.00   29.70
12:16:46 AM   13   42.42    0.00   20.20    0.00    0.00   10.10    0.00    0.00    0.00   27.27
12:16:46 AM   14   50.00    0.00   26.00    0.00    0.00   11.00    0.00    0.00    0.00   13.00
12:16:46 AM   15   50.00    0.00   24.00    0.00    1.00   13.00    0.00    0.00    0.00   12.00

12:16:46 AM  CPU    %usr   %nice    %sys %iowait    %irq   %soft  %steal  %guest  %gnice   %idle
12:16:47 AM  all   46.26    0.00   21.28    0.00    0.13   12.37    0.00    0.00    0.00   19.96
12:16:47 AM    0   38.38    0.00   18.18    0.00    0.00   12.12    0.00    0.00    0.00   31.31
12:16:47 AM    1   47.00    0.00   24.00    0.00    0.00   13.00    0.00    0.00    0.00   16.00
12:16:47 AM    2   47.47    0.00   21.21    0.00    0.00   11.11    0.00    0.00    0.00   20.20
12:16:47 AM    3   46.00    0.00   22.00    0.00    0.00   10.00    0.00    0.00    0.00   22.00
12:16:47 AM    4   51.02    0.00   23.47    0.00    0.00   12.24    0.00    0.00    0.00   13.27
12:16:47 AM    5   51.52    0.00   24.24    0.00    0.00   11.11    0.00    0.00    0.00   13.13
12:16:47 AM    6   47.47    0.00   24.24    0.00    0.00   12.12    0.00    0.00    0.00   16.16
12:16:47 AM    7   46.53    0.00   16.83    0.00    0.99   12.87    0.00    0.00    0.00   22.77
12:16:47 AM    8   50.51    0.00   21.21    0.00    0.00   12.12    0.00    0.00    0.00   16.16
12:16:47 AM    9   43.00    0.00   23.00    0.00    0.00   13.00    0.00    0.00    0.00   21.00
12:16:47 AM   10   46.00    0.00   21.00    0.00    0.00   14.00    0.00    0.00    0.00   19.00
12:16:47 AM   11   46.94    0.00   19.39    0.00    0.00   12.24    0.00    0.00    0.00   21.43
12:16:47 AM   12   40.00    0.00   18.00    0.00    0.00   12.00    0.00    0.00    0.00   30.00
12:16:47 AM   13   45.00    0.00   21.00    0.00    0.00   12.00    0.00    0.00    0.00   22.00
12:16:47 AM   14   46.53    0.00   20.79    0.00    0.99   13.86    0.00    0.00    0.00   17.82
12:16:47 AM   15   47.00    0.00   22.00    0.00    0.00   14.00    0.00    0.00    0.00   17.00

12:16:47 AM  CPU    %usr   %nice    %sys %iowait    %irq   %soft  %steal  %guest  %gnice   %idle
12:16:48 AM  all   43.49    0.00   20.34    0.00    0.38   12.89    0.00    0.00    0.00   22.90
12:16:48 AM    0   42.42    0.00   21.21    0.00    1.01    9.09    0.00    0.00    0.00   26.26
12:16:48 AM    1   41.41    0.00   20.20    0.00    0.00   16.16    0.00    0.00    0.00   22.22
12:16:48 AM    2   45.10    0.00   19.61    0.00    0.98   14.71    0.00    0.00    0.00   19.61
12:16:48 AM    3   44.12    0.00   19.61    0.00    0.00   13.73    0.00    0.00    0.00   22.55
12:16:48 AM    4   44.55    0.00   24.75    0.00    0.99   17.82    0.00    0.00    0.00   11.88
12:16:48 AM    5   50.51    0.00   20.20    0.00    0.00   11.11    0.00    0.00    0.00   18.18
12:16:48 AM    6   41.84    0.00   20.41    0.00    0.00   13.27    0.00    0.00    0.00   24.49
12:16:48 AM    7   43.43    0.00   21.21    0.00    0.00   13.13    0.00    0.00    0.00   22.22
12:16:48 AM    8   46.53    0.00   20.79    0.00    0.00   12.87    0.00    0.00    0.00   19.80
12:16:48 AM    9   44.44    0.00   20.20    0.00    0.00   11.11    0.00    0.00    0.00   24.24
12:16:48 AM   10   46.46    0.00   20.20    0.00    1.01   11.11    0.00    0.00    0.00   21.21
12:16:48 AM   11   39.60    0.00   17.82    0.00    0.99   14.85    0.00    0.00    0.00   26.73
12:16:48 AM   12   35.00    0.00   18.00    0.00    0.00   12.00    0.00    0.00    0.00   35.00
12:16:48 AM   13   45.54    0.00   18.81    0.00    0.99    9.90    0.00    0.00    0.00   24.75
12:16:48 AM   14   41.84    0.00   19.39    0.00    0.00   14.29    0.00    0.00    0.00   24.49
12:16:48 AM   15   43.00    0.00   23.00    0.00    0.00   11.00    0.00    0.00    0.00   23.00

12:16:48 AM  CPU    %usr   %nice    %sys %iowait    %irq   %soft  %steal  %guest  %gnice   %idle
12:16:49 AM  all   44.56    0.00   19.42    0.00    0.57   12.82    0.00    0.00    0.00   22.63
12:16:49 AM    0   38.00    0.00   18.00    0.00    0.00   14.00    0.00    0.00    0.00   30.00
12:16:49 AM    1   48.04    0.00   20.59    0.00    0.98   12.75    0.00    0.00    0.00   17.65
12:16:49 AM    2   52.58    0.00   20.62    0.00    0.00   12.37    0.00    0.00    0.00   14.43
12:16:49 AM    3   42.42    0.00   21.21    0.00    1.01   11.11    0.00    0.00    0.00   24.24
12:16:49 AM    4   48.48    0.00   20.20    0.00    0.00   13.13    0.00    0.00    0.00   18.18
12:16:49 AM    5   52.48    0.00   20.79    0.00    0.99   12.87    0.00    0.00    0.00   12.87
12:16:49 AM    6   49.00    0.00   22.00    0.00    1.00   10.00    0.00    0.00    0.00   18.00
12:16:49 AM    7   38.00    0.00   19.00    0.00    1.00   15.00    0.00    0.00    0.00   27.00
12:16:49 AM    8   51.00    0.00   20.00    0.00    1.00   10.00    0.00    0.00    0.00   18.00
12:16:49 AM    9   36.63    0.00   15.84    0.00    0.99   12.87    0.00    0.00    0.00   33.66
12:16:49 AM   10   51.52    0.00   22.22    0.00    0.00   13.13    0.00    0.00    0.00   13.13
12:16:49 AM   11   46.88    0.00   19.79    0.00    0.00   13.54    0.00    0.00    0.00   19.79
12:16:49 AM   12   34.69    0.00   16.33    0.00    1.02   14.29    0.00    0.00    0.00   33.67
12:16:49 AM   13   38.38    0.00   15.15    0.00    0.00   14.14    0.00    0.00    0.00   32.32
12:16:49 AM   14   37.62    0.00   19.80    0.00    0.00   13.86    0.00    0.00    0.00   28.71
12:16:49 AM   15   47.47    0.00   19.19    0.00    1.01   12.12    0.00    0.00    0.00   20.20

12:16:49 AM  CPU    %usr   %nice    %sys %iowait    %irq   %soft  %steal  %guest  %gnice   %idle
12:16:50 AM  all   40.56    0.00   17.32    0.00    0.12   12.71    0.00    0.00    0.00   29.28
12:16:50 AM    0   39.39    0.00   16.16    0.00    0.00   12.12    0.00    0.00    0.00   32.32
12:16:50 AM    1   43.43    0.00   19.19    0.00    0.00   13.13    0.00    0.00    0.00   24.24
12:16:50 AM    2   47.06    0.00   17.65    0.00    0.98   11.76    0.00    0.00    0.00   22.55
12:16:50 AM    3   42.00    0.00   15.00    0.00    0.00   12.00    0.00    0.00    0.00   31.00
12:16:50 AM    4   42.57    0.00   16.83    0.00    0.00   10.89    0.00    0.00    0.00   29.70
12:16:50 AM    5   41.41    0.00   19.19    0.00    0.00   12.12    0.00    0.00    0.00   27.27
12:16:50 AM    6   44.55    0.00   19.80    0.00    0.00   12.87    0.00    0.00    0.00   22.77
12:16:50 AM    7   39.00    0.00   18.00    0.00    0.00   12.00    0.00    0.00    0.00   31.00
12:16:50 AM    8   42.00    0.00   18.00    0.00    0.00   13.00    0.00    0.00    0.00   27.00
12:16:50 AM    9   33.33    0.00   16.67    0.00    0.00   11.76    0.00    0.00    0.00   38.24
12:16:50 AM   10   40.00    0.00   17.00    0.00    0.00   14.00    0.00    0.00    0.00   29.00
12:16:50 AM   11   30.69    0.00   12.87    0.00    0.00   13.86    0.00    0.00    0.00   42.57
12:16:50 AM   12   40.00    0.00   17.00    0.00    0.00   14.00    0.00    0.00    0.00   29.00
12:16:50 AM   13   40.40    0.00   15.15    0.00    0.00   14.14    0.00    0.00    0.00   30.30
12:16:50 AM   14   40.59    0.00   17.82    0.00    0.99   12.87    0.00    0.00    0.00   27.72
12:16:50 AM   15   42.57    0.00   20.79    0.00    0.00   12.87    0.00    0.00    0.00   23.76

12:16:50 AM  CPU    %usr   %nice    %sys %iowait    %irq   %soft  %steal  %guest  %gnice   %idle
12:16:51 AM  all   40.47    0.00   16.25    0.00    0.56   12.52    0.00    0.00    0.00   30.20
12:16:51 AM    0   35.64    0.00   14.85    0.00    0.99   10.89    0.00    0.00    0.00   37.62
12:16:51 AM    1   41.18    0.00   16.67    0.00    0.00   12.75    0.00    0.00    0.00   29.41
12:16:51 AM    2   40.00    0.00   16.00    0.00    0.00   12.00    0.00    0.00    0.00   32.00
12:16:51 AM    3   32.67    0.00   14.85    0.00    0.00   13.86    0.00    0.00    0.00   38.61
12:16:51 AM    4   50.50    0.00   18.81    0.00    0.99   11.88    0.00    0.00    0.00   17.82
12:16:51 AM    5   40.40    0.00   15.15    0.00    0.00   13.13    0.00    0.00    0.00   31.31
12:16:51 AM    6   44.00    0.00   15.00    0.00    1.00   13.00    0.00    0.00    0.00   27.00
12:16:51 AM    7   39.60    0.00   16.83    0.00    0.99   12.87    0.00    0.00    0.00   29.70
12:16:51 AM    8   47.00    0.00   18.00    0.00    0.00   11.00    0.00    0.00    0.00   24.00
12:16:51 AM    9   47.42    0.00   18.56    0.00    0.00    9.28    0.00    0.00    0.00   24.74
12:16:51 AM   10   42.00    0.00   16.00    0.00    1.00   15.00    0.00    0.00    0.00   26.00
12:16:51 AM   11   31.68    0.00   13.86    0.00    0.99   13.86    0.00    0.00    0.00   39.60
12:16:51 AM   12   38.61    0.00   15.84    0.00    0.99    9.90    0.00    0.00    0.00   34.65
12:16:51 AM   13   40.59    0.00   16.83    0.00    0.99   11.88    0.00    0.00    0.00   29.70
12:16:51 AM   14   43.00    0.00   18.00    0.00    0.00   12.00    0.00    0.00    0.00   27.00
12:16:51 AM   15   33.66    0.00   14.85    0.00    0.99   16.83    0.00    0.00    0.00   33.66

12:16:51 AM  CPU    %usr   %nice    %sys %iowait    %irq   %soft  %steal  %guest  %gnice   %idle
12:16:52 AM  all   43.52    0.00   16.31    0.00    0.31   12.95    0.06    0.00    0.00   26.84
12:16:52 AM    0   38.00    0.00   12.00    0.00    0.00   12.00    0.00    0.00    0.00   38.00
12:16:52 AM    1   47.00    0.00   18.00    0.00    1.00   12.00    1.00    0.00    0.00   21.00
12:16:52 AM    2   46.00    0.00   15.00    0.00    0.00   14.00    0.00    0.00    0.00   25.00
12:16:52 AM    3   37.62    0.00   14.85    0.00    0.99   10.89    0.00    0.00    0.00   35.64
12:16:52 AM    4   51.52    0.00   15.15    0.00    0.00   13.13    0.00    0.00    0.00   20.20
12:16:52 AM    5   39.22    0.00   16.67    0.00    0.98   17.65    0.00    0.00    0.00   25.49
12:16:52 AM    6   48.00    0.00   17.00    0.00    0.00   12.00    0.00    0.00    0.00   23.00
12:16:52 AM    7   40.82    0.00   14.29    0.00    0.00   13.27    0.00    0.00    0.00   31.63
12:16:52 AM    8   51.49    0.00   19.80    0.00    0.99   11.88    0.00    0.00    0.00   15.84
12:16:52 AM    9   37.86    0.00   15.53    0.00    0.97   12.62    0.00    0.00    0.00   33.01
12:16:52 AM   10   46.00    0.00   18.00    0.00    0.00   12.00    0.00    0.00    0.00   24.00
12:16:52 AM   11   41.00    0.00   18.00    0.00    0.00   13.00    0.00    0.00    0.00   28.00
12:16:52 AM   12   45.00    0.00   15.00    0.00    0.00   14.00    0.00    0.00    0.00   26.00
12:16:52 AM   13   36.63    0.00   13.86    0.00    0.00   11.88    0.00    0.00    0.00   37.62
12:16:52 AM   14   43.00    0.00   16.00    0.00    0.00   13.00    0.00    0.00    0.00   28.00
12:16:52 AM   15   47.52    0.00   21.78    0.00    0.00   13.86    0.00    0.00    0.00   16.83

12:16:52 AM  CPU    %usr   %nice    %sys %iowait    %irq   %soft  %steal  %guest  %gnice   %idle
12:16:53 AM  all   38.89    0.00   16.28    0.00    0.25   12.77    0.00    0.00    0.00   31.81
12:16:53 AM    0   37.37    0.00   16.16    0.00    0.00   14.14    0.00    0.00    0.00   32.32
12:16:53 AM    1   46.46    0.00   18.18    0.00    0.00   13.13    0.00    0.00    0.00   22.22
12:16:53 AM    2   45.00    0.00   19.00    0.00    1.00   13.00    0.00    0.00    0.00   22.00
12:16:53 AM    3   35.00    0.00   16.00    0.00    0.00   12.00    0.00    0.00    0.00   37.00
12:16:53 AM    4   40.59    0.00   16.83    0.00    0.99   14.85    0.00    0.00    0.00   26.73
12:16:53 AM    5   39.00    0.00   17.00    0.00    0.00   10.00    0.00    0.00    0.00   34.00
12:16:53 AM    6   36.00    0.00   16.00    0.00    0.00   12.00    0.00    0.00    0.00   36.00
12:16:53 AM    7   37.62    0.00   17.82    0.00    0.00   10.89    0.00    0.00    0.00   33.66
12:16:53 AM    8   42.42    0.00   14.14    0.00    0.00   16.16    0.00    0.00    0.00   27.27
12:16:53 AM    9   36.36    0.00   16.16    0.00    0.00   14.14    0.00    0.00    0.00   33.33
12:16:53 AM   10   46.53    0.00   17.82    0.00    0.99    9.90    0.00    0.00    0.00   24.75
12:16:53 AM   11   28.28    0.00   12.12    0.00    0.00   13.13    0.00    0.00    0.00   46.46
12:16:53 AM   12   35.00    0.00   16.00    0.00    0.00   15.00    0.00    0.00    0.00   34.00
12:16:53 AM   13   38.00    0.00   16.00    0.00    0.00   11.00    0.00    0.00    0.00   35.00
12:16:53 AM   14   35.00    0.00   16.00    0.00    1.00   14.00    0.00    0.00    0.00   34.00
12:16:53 AM   15   43.43    0.00   15.15    0.00    0.00   11.11    0.00    0.00    0.00   30.30

12:16:53 AM  CPU    %usr   %nice    %sys %iowait    %irq   %soft  %steal  %guest  %gnice   %idle
12:16:54 AM  all   41.56    0.00   16.06    0.00    0.69   13.12    0.00    0.00    0.00   28.56
12:16:54 AM    0   41.00    0.00   17.00    0.00    1.00   13.00    0.00    0.00    0.00   28.00
12:16:54 AM    1   50.50    0.00   18.81    0.00    0.99   10.89    0.00    0.00    0.00   18.81
12:16:54 AM    2   49.49    0.00   18.18    0.00    0.00   12.12    0.00    0.00    0.00   20.20
12:16:54 AM    3   35.71    0.00   14.29    0.00    0.00   13.27    0.00    0.00    0.00   36.73
12:16:54 AM    4   44.55    0.00   16.83    0.00    0.00   15.84    0.00    0.00    0.00   22.77
12:16:54 AM    5   43.00    0.00   16.00    0.00    1.00   11.00    0.00    0.00    0.00   29.00
12:16:54 AM    6   48.48    0.00   17.17    0.00    1.01   10.10    0.00    0.00    0.00   23.23
12:16:54 AM    7   32.32    0.00   15.15    0.00    1.01   15.15    0.00    0.00    0.00   36.36
12:16:54 AM    8   46.53    0.00   17.82    0.00    0.99   11.88    0.00    0.00    0.00   22.77
12:16:54 AM    9   42.57    0.00   15.84    0.00    0.99   11.88    0.00    0.00    0.00   28.71
12:16:54 AM   10   35.71    0.00   13.27    0.00    0.00   16.33    0.00    0.00    0.00   34.69
12:16:54 AM   11   37.86    0.00   15.53    0.00    0.97   10.68    0.00    0.00    0.00   34.95
12:16:54 AM   12   45.00    0.00   18.00    0.00    1.00   15.00    0.00    0.00    0.00   21.00
12:16:54 AM   13   27.72    0.00    9.90    0.00    0.99   15.84    0.00    0.00    0.00   45.54
12:16:54 AM   14   33.67    0.00   15.31    0.00    0.00   15.31    0.00    0.00    0.00   35.71
12:16:54 AM   15   50.50    0.00   17.82    0.00    0.99   11.88    0.00    0.00    0.00   18.81

12:16:54 AM  CPU    %usr   %nice    %sys %iowait    %irq   %soft  %steal  %guest  %gnice   %idle
12:16:55 AM  all   43.73    0.00   18.17    0.00    0.06   15.16    0.06    0.00    0.00   22.81
12:16:55 AM    0   39.39    0.00   17.17    0.00    0.00   17.17    0.00    0.00    0.00   26.26
12:16:55 AM    1   48.48    0.00   23.23    0.00    0.00   15.15    0.00    0.00    0.00   13.13
12:16:55 AM    2   51.00    0.00   22.00    0.00    0.00   14.00    0.00    0.00    0.00   13.00
12:16:55 AM    3   39.00    0.00   17.00    0.00    1.00   17.00    0.00    0.00    0.00   26.00
12:16:55 AM    4   46.46    0.00   18.18    0.00    0.00   16.16    0.00    0.00    0.00   19.19
12:16:55 AM    5   46.46    0.00   20.20    0.00    0.00   15.15    0.00    0.00    0.00   18.18
12:16:55 AM    6   50.00    0.00   18.00    0.00    0.00   14.00    0.00    0.00    0.00   18.00
12:16:55 AM    7   45.00    0.00   20.00    0.00    0.00   15.00    0.00    0.00    0.00   20.00
12:16:55 AM    8   49.00    0.00   18.00    0.00    0.00   15.00    0.00    0.00    0.00   18.00
12:16:55 AM    9   38.38    0.00   16.16    0.00    0.00   15.15    0.00    0.00    0.00   30.30
12:16:55 AM   10   49.00    0.00   21.00    0.00    0.00   13.00    0.00    0.00    0.00   17.00
12:16:55 AM   11   39.00    0.00   16.00    0.00    0.00   16.00    1.00    0.00    0.00   28.00
12:16:55 AM   12   32.00    0.00   13.00    0.00    0.00   17.00    0.00    0.00    0.00   38.00
12:16:55 AM   13   41.00    0.00   15.00    0.00    0.00   16.00    0.00    0.00    0.00   28.00
12:16:55 AM   14   38.61    0.00   14.85    0.00    0.00   13.86    0.00    0.00    0.00   32.67
12:16:55 AM   15   47.00    0.00   21.00    0.00    0.00   13.00    0.00    0.00    0.00   19.00

12:16:55 AM  CPU    %usr   %nice    %sys %iowait    %irq   %soft  %steal  %guest  %gnice   %idle
12:16:56 AM  all   40.16    0.00   15.66    0.00    0.38   15.04    0.00    0.00    0.00   28.76
12:16:56 AM    0   39.00    0.00   14.00    0.00    1.00   15.00    0.00    0.00    0.00   31.00
12:16:56 AM    1   41.00    0.00   16.00    0.00    0.00   15.00    0.00    0.00    0.00   28.00
12:16:56 AM    2   47.52    0.00   15.84    0.00    0.99   13.86    0.00    0.00    0.00   21.78
12:16:56 AM    3   37.37    0.00   12.12    0.00    0.00   18.18    0.00    0.00    0.00   32.32
12:16:56 AM    4   38.61    0.00   15.84    0.00    0.99   13.86    0.00    0.00    0.00   30.69
12:16:56 AM    5   41.41    0.00   18.18    0.00    0.00   16.16    0.00    0.00    0.00   24.24
12:16:56 AM    6   43.00    0.00   17.00    0.00    0.00   17.00    0.00    0.00    0.00   23.00
12:16:56 AM    7   35.29    0.00   15.69    0.00    0.98   16.67    0.00    0.00    0.00   31.37
12:16:56 AM    8   49.00    0.00   18.00    0.00    0.00   12.00    0.00    0.00    0.00   21.00
12:16:56 AM    9   41.00    0.00   15.00    0.00    0.00   14.00    0.00    0.00    0.00   30.00
12:16:56 AM   10   40.59    0.00   15.84    0.00    0.99   13.86    0.00    0.00    0.00   28.71
12:16:56 AM   11   36.00    0.00   16.00    0.00    0.00   17.00    0.00    0.00    0.00   31.00
12:16:56 AM   12   34.34    0.00   14.14    0.00    0.00   13.13    0.00    0.00    0.00   38.38
12:16:56 AM   13   32.65    0.00   13.27    0.00    0.00   17.35    0.00    0.00    0.00   36.73
12:16:56 AM   14   36.73    0.00   14.29    0.00    1.02   13.27    0.00    0.00    0.00   34.69
12:16:56 AM   15   48.98    0.00   19.39    0.00    0.00   14.29    0.00    0.00    0.00   17.35

12:16:56 AM  CPU    %usr   %nice    %sys %iowait    %irq   %soft  %steal  %guest  %gnice   %idle
12:16:57 AM  all   37.26    0.00   15.25    0.00    0.62   14.38    0.00    0.00    0.00   32.49
12:16:57 AM    0   29.00    0.00   13.00    0.00    0.00   14.00    0.00    0.00    0.00   44.00
12:16:57 AM    1   40.59    0.00   15.84    0.00    0.99   14.85    0.00    0.00    0.00   27.72
12:16:57 AM    2   47.47    0.00   18.18    0.00    0.00   12.12    0.00    0.00    0.00   22.22
12:16:57 AM    3   31.37    0.00   13.73    0.00    0.98   16.67    0.00    0.00    0.00   37.25
12:16:57 AM    4   35.35    0.00   15.15    0.00    0.00   15.15    0.00    0.00    0.00   34.34
12:16:57 AM    5   44.12    0.00   15.69    0.00    0.98   14.71    0.00    0.00    0.00   24.51
12:16:57 AM    6   38.83    0.00   16.50    0.00    0.97   15.53    0.00    0.00    0.00   28.16
12:16:57 AM    7   33.67    0.00   13.27    0.00    0.00   13.27    0.00    0.00    0.00   39.80
12:16:57 AM    8   38.24    0.00   17.65    0.00    0.98   15.69    0.00    0.00    0.00   27.45
12:16:57 AM    9   38.00    0.00   16.00    0.00    1.00   12.00    0.00    0.00    0.00   33.00
12:16:57 AM   10   40.59    0.00   14.85    0.00    0.00   17.82    0.00    0.00    0.00   26.73
12:16:57 AM   11   41.00    0.00   19.00    0.00    1.00   12.00    0.00    0.00    0.00   27.00
12:16:57 AM   12   32.35    0.00   12.75    0.00    0.98   14.71    0.00    0.00    0.00   39.22
12:16:57 AM   13   32.35    0.00   13.73    0.00    0.98   15.69    0.00    0.00    0.00   37.25
12:16:57 AM   14   33.00    0.00   14.00    0.00    0.00   14.00    0.00    0.00    0.00   39.00
12:16:57 AM   15   40.20    0.00   14.71    0.00    0.98   11.76    0.00    0.00    0.00   32.35

12:16:57 AM  CPU    %usr   %nice    %sys %iowait    %irq   %soft  %steal  %guest  %gnice   %idle
12:16:58 AM  all   38.05    0.00   15.02    0.00    0.13   14.64    0.00    0.00    0.00   32.17
12:16:58 AM    0   42.86    0.00   13.27    0.00    0.00   14.29    0.00    0.00    0.00   29.59
12:16:58 AM    1   39.00    0.00   17.00    0.00    0.00   16.00    0.00    0.00    0.00   28.00
12:16:58 AM    2   47.00    0.00   15.00    0.00    1.00   13.00    0.00    0.00    0.00   24.00
12:16:58 AM    3   26.73    0.00   13.86    0.00    0.00   15.84    0.00    0.00    0.00   43.56
12:16:58 AM    4   42.42    0.00   17.17    0.00    0.00   16.16    0.00    0.00    0.00   24.24
12:16:58 AM    5   41.84    0.00   16.33    0.00    0.00   16.33    0.00    0.00    0.00   25.51
12:16:58 AM    6   35.35    0.00   13.13    0.00    0.00   18.18    0.00    0.00    0.00   33.33
12:16:58 AM    7   44.66    0.00   20.39    0.00    0.97   12.62    0.00    0.00    0.00   21.36
12:16:58 AM    8   37.00    0.00   15.00    0.00    0.00   15.00    0.00    0.00    0.00   33.00
12:16:58 AM    9   31.00    0.00   13.00    0.00    0.00   17.00    0.00    0.00    0.00   39.00
12:16:58 AM   10   42.42    0.00   14.14    0.00    0.00   12.12    0.00    0.00    0.00   31.31
12:16:58 AM   11   39.00    0.00   14.00    0.00    0.00   14.00    0.00    0.00    0.00   33.00
12:16:58 AM   12   31.00    0.00   14.00    0.00    0.00   14.00    0.00    0.00    0.00   41.00
12:16:58 AM   13   33.00    0.00   14.00    0.00    0.00   11.00    0.00    0.00    0.00   42.00
12:16:58 AM   14   28.00    0.00   12.00    0.00    0.00   16.00    0.00    0.00    0.00   44.00
12:16:58 AM   15   47.52    0.00   17.82    0.00    0.00   12.87    0.00    0.00    0.00   21.78

12:16:58 AM  CPU    %usr   %nice    %sys %iowait    %irq   %soft  %steal  %guest  %gnice   %idle
12:16:59 AM  all   35.60    0.00   13.74    0.00    0.25   14.24    0.00    0.00    0.00   36.16
12:16:59 AM    0   33.33    0.00   14.71    0.00    0.98   12.75    0.00    0.00    0.00   38.24
12:16:59 AM    1   37.62    0.00   14.85    0.00    0.00   13.86    0.00    0.00    0.00   33.66
12:16:59 AM    2   32.67    0.00   14.85    0.00    0.00   16.83    0.00    0.00    0.00   35.64
12:16:59 AM    3   38.38    0.00   14.14    0.00    0.00   13.13    0.00    0.00    0.00   34.34
12:16:59 AM    4   35.64    0.00   12.87    0.00    0.99   12.87    0.00    0.00    0.00   37.62
12:16:59 AM    5   41.00    0.00   16.00    0.00    0.00   15.00    0.00    0.00    0.00   28.00
12:16:59 AM    6   43.43    0.00   15.15    0.00    0.00   17.17    0.00    0.00    0.00   24.24
12:16:59 AM    7   27.55    0.00   12.24    0.00    0.00   15.31    0.00    0.00    0.00   44.90
12:16:59 AM    8   43.00    0.00   16.00    0.00    0.00   12.00    0.00    0.00    0.00   29.00
12:16:59 AM    9   37.62    0.00   13.86    0.00    0.00   14.85    0.00    0.00    0.00   33.66
12:16:59 AM   10   33.66    0.00   12.87    0.00    0.99   18.81    0.00    0.00    0.00   33.66
12:16:59 AM   11   30.30    0.00   12.12    0.00    0.00   16.16    0.00    0.00    0.00   41.41
12:16:59 AM   12   30.00    0.00   12.00    0.00    0.00   13.00    0.00    0.00    0.00   45.00
12:16:59 AM   13   35.35    0.00   15.15    0.00    0.00   13.13    0.00    0.00    0.00   36.36
12:16:59 AM   14   32.00    0.00    9.00    0.00    1.00    9.00    0.00    0.00    0.00   49.00
12:16:59 AM   15   38.00    0.00   14.00    0.00    0.00   14.00    0.00    0.00    0.00   34.00

12:16:59 AM  CPU    %usr   %nice    %sys %iowait    %irq   %soft  %steal  %guest  %gnice   %idle
12:17:00 AM  all   31.68    0.00   12.24    0.00    0.62   13.98    0.00    0.00    0.00   41.49
12:17:00 AM    0   28.71    0.00   10.89    0.00    0.00   11.88    0.00    0.00    0.00   48.51
12:17:00 AM    1   33.00    0.00   12.00    0.00    1.00   14.00    0.00    0.00    0.00   40.00
12:17:00 AM    2   29.29    0.00   12.12    0.00    0.00   13.13    0.00    0.00    0.00   45.45
12:17:00 AM    3   29.41    0.00   12.75    0.00    0.98   15.69    0.00    0.00    0.00   41.18
12:17:00 AM    4   30.39    0.00   11.76    0.00    0.00   15.69    0.00    0.00    0.00   42.16
12:17:00 AM    5   36.00    0.00   14.00    0.00    1.00   13.00    0.00    0.00    0.00   36.00
12:17:00 AM    6   34.65    0.00    9.90    0.00    0.99   14.85    0.00    0.00    0.00   39.60
12:17:00 AM    7   32.00    0.00   13.00    0.00    0.00   18.00    0.00    0.00    0.00   37.00
12:17:00 AM    8   37.37    0.00   15.15    0.00    1.01   12.12    0.00    0.00    0.00   34.34
12:17:00 AM    9   38.61    0.00   14.85    0.00    0.99    9.90    0.00    0.00    0.00   35.64
12:17:00 AM   10   31.68    0.00   11.88    0.00    0.00   15.84    0.00    0.00    0.00   40.59
12:17:00 AM   11   34.65    0.00   13.86    0.00    0.99   11.88    0.00    0.00    0.00   38.61
12:17:00 AM   12   28.71    0.00    9.90    0.00    0.99   12.87    0.00    0.00    0.00   47.52
12:17:00 AM   13   30.69    0.00   10.89    0.00    0.99   14.85    0.00    0.00    0.00   42.57
12:17:00 AM   14   17.00    0.00    9.00    0.00    0.00   18.00    0.00    0.00    0.00   56.00
12:17:00 AM   15   34.65    0.00   13.86    0.00    0.99   11.88    0.00    0.00    0.00   38.61

12:17:00 AM  CPU    %usr   %nice    %sys %iowait    %irq   %soft  %steal  %guest  %gnice   %idle
12:17:01 AM  all   35.46    0.00   13.11    0.00    0.12   14.54    0.12    0.00    0.00   36.64
12:17:01 AM    0   26.26    0.00   10.10    0.00    0.00   14.14    1.01    0.00    0.00   48.48
12:17:01 AM    1   35.00    0.00   14.00    0.00    0.00   18.00    0.00    0.00    0.00   33.00
12:17:01 AM    2   33.66    0.00   11.88    0.00    0.99   14.85    0.00    0.00    0.00   38.61
12:17:01 AM    3   28.43    0.00   10.78    0.00    0.00   12.75    0.98    0.00    0.00   47.06
12:17:01 AM    4   42.42    0.00   15.15    0.00    0.00   17.17    0.00    0.00    0.00   25.25
12:17:01 AM    5   44.55    0.00   15.84    0.00    0.00   14.85    0.00    0.00    0.00   24.75
12:17:01 AM    6   44.44    0.00   15.15    0.00    0.00   14.14    0.00    0.00    0.00   26.26
12:17:01 AM    7   30.69    0.00   11.88    0.00    0.99   13.86    0.00    0.00    0.00   42.57
12:17:01 AM    8   45.00    0.00   15.00    0.00    0.00   13.00    0.00    0.00    0.00   27.00
12:17:01 AM    9   40.59    0.00   13.86    0.00    0.00   10.89    0.00    0.00    0.00   34.65
12:17:01 AM   10   38.38    0.00   15.15    0.00    0.00   14.14    0.00    0.00    0.00   32.32
12:17:01 AM   11   28.00    0.00   12.00    0.00    0.00   13.00    0.00    0.00    0.00   47.00
12:17:01 AM   12   29.00    0.00   12.00    0.00    0.00   17.00    0.00    0.00    0.00   42.00
12:17:01 AM   13   31.00    0.00   11.00    0.00    0.00   15.00    0.00    0.00    0.00   43.00
12:17:01 AM   14   29.70    0.00   11.88    0.00    0.00   14.85    0.00    0.00    0.00   43.56
12:17:01 AM   15   40.40    0.00   14.14    0.00    0.00   15.15    0.00    0.00    0.00   30.30

12:17:01 AM  CPU    %usr   %nice    %sys %iowait    %irq   %soft  %steal  %guest  %gnice   %idle
12:17:02 AM  all   31.98    0.00   12.66    0.00    0.12   13.78    0.00    0.00    0.00   41.46
12:17:02 AM    0   22.77    0.00    8.91    0.00    0.00    9.90    0.00    0.00    0.00   58.42
12:17:02 AM    1   27.72    0.00   11.88    0.00    0.00   14.85    0.00    0.00    0.00   45.54
12:17:02 AM    2   39.00    0.00   14.00    0.00    0.00   13.00    0.00    0.00    0.00   34.00
12:17:02 AM    3   24.49    0.00   10.20    0.00    0.00   11.22    0.00    0.00    0.00   54.08
12:17:02 AM    4   37.00    0.00   15.00    0.00    1.00   14.00    0.00    0.00    0.00   33.00
12:17:02 AM    5   39.00    0.00   17.00    0.00    0.00   11.00    0.00    0.00    0.00   33.00
12:17:02 AM    6   34.34    0.00   12.12    0.00    0.00   12.12    0.00    0.00    0.00   41.41
12:17:02 AM    7   40.40    0.00   16.16    0.00    0.00   16.16    0.00    0.00    0.00   27.27
12:17:02 AM    8   38.38    0.00   16.16    0.00    0.00   18.18    0.00    0.00    0.00   27.27
12:17:02 AM    9   30.30    0.00   12.12    0.00    0.00   17.17    0.00    0.00    0.00   40.40
12:17:02 AM   10   34.31    0.00   13.73    0.00    0.98   13.73    0.00    0.00    0.00   37.25
12:17:02 AM   11   23.53    0.00    9.80    0.00    0.00   14.71    0.00    0.00    0.00   51.96
12:17:02 AM   12   26.47    0.00    9.80    0.00    0.00   18.63    0.00    0.00    0.00   45.10
12:17:02 AM   13   28.43    0.00   11.76    0.00    0.00   11.76    0.00    0.00    0.00   48.04
12:17:02 AM   14   29.29    0.00   11.11    0.00    0.00   10.10    0.00    0.00    0.00   49.49
12:17:02 AM   15   36.63    0.00   12.87    0.00    0.00   13.86    0.00    0.00    0.00   36.63

12:17:02 AM  CPU    %usr   %nice    %sys %iowait    %irq   %soft  %steal  %guest  %gnice   %idle
12:17:03 AM  all   36.35    0.00   13.72    0.00    0.69   14.65    0.00    0.00    0.00   34.60
12:17:03 AM    0   33.00    0.00   13.00    0.00    1.00   15.00    0.00    0.00    0.00   38.00
12:17:03 AM    1   38.00    0.00   12.00    0.00    1.00   18.00    0.00    0.00    0.00   31.00
12:17:03 AM    2   34.00    0.00   13.00    0.00    0.00   15.00    0.00    0.00    0.00   38.00
12:17:03 AM    3   29.70    0.00   11.88    0.00    0.00   15.84    0.00    0.00    0.00   42.57
12:17:03 AM    4   41.41    0.00   15.15    0.00    0.00   12.12    0.00    0.00    0.00   31.31
12:17:03 AM    5   40.40    0.00   15.15    0.00    1.01   14.14    0.00    0.00    0.00   29.29
12:17:03 AM    6   42.57    0.00   15.84    0.00    0.99   12.87    0.00    0.00    0.00   27.72
12:17:03 AM    7   31.00    0.00   12.00    0.00    1.00   15.00    0.00    0.00    0.00   41.00
12:17:03 AM    8   47.52    0.00   17.82    0.00    0.99   12.87    0.00    0.00    0.00   20.79
12:17:03 AM    9   37.62    0.00   13.86    0.00    0.99   15.84    0.00    0.00    0.00   31.68
12:17:03 AM   10   42.86    0.00   16.33    0.00    0.00   14.29    0.00    0.00    0.00   26.53
12:17:03 AM   11   37.62    0.00   13.86    0.00    0.99   13.86    0.00    0.00    0.00   33.66
12:17:03 AM   12   25.77    0.00    9.28    0.00    0.00   12.37    0.00    0.00    0.00   52.58
12:17:03 AM   13   26.47    0.00   11.76    0.00    0.98   14.71    0.00    0.00    0.00   46.08
12:17:03 AM   14   31.07    0.00   12.62    0.00    0.97   17.48    0.00    0.00    0.00   37.86
12:17:03 AM   15   42.57    0.00   15.84    0.00    0.99   14.85    0.00    0.00    0.00   25.74

12:17:03 AM  CPU    %usr   %nice    %sys %iowait    %irq   %soft  %steal  %guest  %gnice   %idle
12:17:04 AM  all    1.87    0.00    1.25    0.00    0.00    0.12    0.00    0.00    0.00   96.75
12:17:04 AM    0    2.00    0.00    2.00    0.00    0.00    0.00    0.00    0.00    0.00   96.00
12:17:04 AM    1    1.98    0.00    1.98    0.00    0.00    0.00    0.00    0.00    0.00   96.04
12:17:04 AM    2    2.00    0.00    1.00    0.00    0.00    0.00    0.00    0.00    0.00   97.00
12:17:04 AM    3    2.00    0.00    1.00    0.00    0.00    0.00    0.00    0.00    0.00   97.00
12:17:04 AM    4    2.97    0.00    1.98    0.00    0.00    0.00    0.00    0.00    0.00   95.05
12:17:04 AM    5    1.98    0.00    1.98    0.00    0.00    0.00    0.00    0.00    0.00   96.04
12:17:04 AM    6    3.00    0.00    2.00    0.00    0.00    0.00    0.00    0.00    0.00   95.00
12:17:04 AM    7    0.99    0.00    0.99    0.00    0.00    0.00    0.00    0.00    0.00   98.02
12:17:04 AM    8    1.00    0.00    0.00    0.00    0.00    1.00    0.00    0.00    0.00   98.00
12:17:04 AM    9    0.00    0.00    0.00    0.00    0.00    0.00    0.00    0.00    0.00  100.00
12:17:04 AM   10    1.00    0.00    2.00    0.00    0.00    0.00    0.00    0.00    0.00   97.00
12:17:04 AM   11    0.00    0.00    0.00    0.00    0.00    0.00    0.00    0.00    0.00  100.00
12:17:04 AM   12    0.99    0.00    0.00    0.00    0.00    0.99    0.00    0.00    0.00   98.02
12:17:04 AM   13    5.00    0.00    2.00    0.00    0.00    0.00    0.00    0.00    0.00   93.00
12:17:04 AM   14    5.05    0.00    2.02    0.00    0.00    0.00    0.00    0.00    0.00   92.93
12:17:04 AM   15    0.00    0.00    1.01    0.00    0.00    0.00    0.00    0.00    0.00   98.99

12:17:04 AM  CPU    %usr   %nice    %sys %iowait    %irq   %soft  %steal  %guest  %gnice   %idle
12:17:05 AM  all    0.81    0.00    0.75    0.00    0.06    0.00    0.00    0.00    0.00   98.37
12:17:05 AM    0    2.00    0.00    1.00    0.00    0.00    0.00    0.00    0.00    0.00   97.00
12:17:05 AM    1    1.01    0.00    1.01    0.00    0.00    0.00    0.00    0.00    0.00   97.98
12:17:05 AM    2    1.00    0.00    2.00    0.00    0.00    0.00    0.00    0.00    0.00   97.00
12:17:05 AM    3    0.00    0.00    0.00    0.00    0.00    0.00    0.00    0.00    0.00  100.00
12:17:05 AM    4    1.00    0.00    1.00    0.00    0.00    0.00    0.00    0.00    0.00   98.00
12:17:05 AM    5    1.02    0.00    1.02    0.00    0.00    0.00    0.00    0.00    0.00   97.96
12:17:05 AM    6    1.01    0.00    1.01    0.00    0.00    0.00    0.00    0.00    0.00   97.98
12:17:05 AM    7    0.00    0.00    0.00    0.00    0.00    0.00    0.00    0.00    0.00  100.00
12:17:05 AM    8    0.00    0.00    0.00    0.00    0.00    0.00    0.00    0.00    0.00  100.00
12:17:05 AM    9    0.00    0.00    0.00    0.00    0.00    0.00    0.00    0.00    0.00  100.00
12:17:05 AM   10    1.00    0.00    1.00    0.00    0.00    0.00    0.00    0.00    0.00   98.00
12:17:05 AM   11    0.00    0.00    0.00    0.00    0.00    0.00    0.00    0.00    0.00  100.00
12:17:05 AM   12    0.00    0.00    0.98    0.00    0.98    0.00    0.00    0.00    0.00   98.04
12:17:05 AM   13    2.02    0.00    1.01    0.00    0.00    0.00    0.00    0.00    0.00   96.97
12:17:05 AM   14    1.00    0.00    1.00    0.00    0.00    0.00    0.00    0.00    0.00   98.00
12:17:05 AM   15    1.98    0.00    0.99    0.00    0.00    0.00    0.00    0.00    0.00   97.03

Average:     CPU    %usr   %nice    %sys %iowait    %irq   %soft  %steal  %guest  %gnice   %idle
Average:     all   31.88    0.00   13.65    0.00    0.30   10.64    0.01    0.00    0.00   43.52
Average:       0   29.02    0.00   12.51    0.00    0.28   10.18    0.04    0.00    0.00   47.98
Average:       1   33.23    0.00   14.58    0.00    0.32   11.30    0.04    0.00    0.00   40.54
Average:       2   34.88    0.00   14.24    0.00    0.28   10.44    0.00    0.00    0.00   40.16
Average:       3   29.02    0.00   12.79    0.00    0.28   10.67    0.04    0.00    0.00   47.20
Average:       4   34.25    0.00   14.55    0.00    0.32   11.03    0.00    0.00    0.00   39.85
Average:       5   34.47    0.00   14.67    0.00    0.32   10.42    0.00    0.00    0.00   40.12
Average:       6   34.41    0.00   14.21    0.00    0.32   10.60    0.00    0.00    0.00   40.46
Average:       7   30.08    0.00   13.52    0.00    0.36   11.04    0.00    0.00    0.00   45.00
Average:       8   35.79    0.00   14.51    0.00    0.32   10.28    0.00    0.00    0.00   39.10
Average:       9   31.04    0.00   13.30    0.00    0.32   10.35    0.00    0.00    0.00   44.99
Average:      10   33.65    0.00   14.14    0.00    0.28   10.74    0.00    0.00    0.00   41.19
Average:      11   29.31    0.00   12.99    0.00    0.28   10.76    0.04    0.00    0.00   46.62
Average:      12   27.82    0.00   12.23    0.00    0.28   10.95    0.00    0.00    0.00   48.72
Average:      13   29.09    0.00   12.23    0.00    0.28   10.35    0.00    0.00    0.00   48.06
Average:      14   29.48    0.00   13.20    0.00    0.28   10.64    0.00    0.00    0.00   46.40
Average:      15   34.57    0.00   14.77    0.00    0.32   10.46    0.00    0.00    0.00   39.88
