5944861
0
0
0
18166
84
3605
13091
1460
5778
13046
65
3844
6432
5709
2911
7620
47
10598
39
14325
58
7597
38
11844
64
36
10003
2209
487
4881
10072
663
786
8408
53
1722
5063
4275
976
6034
2982
4457
3104
1904
3268
8999
2047
34
5014
2329
4194
23
2611
2403
2854
1304
2459
4550
2409
7980
300
9031
24
32
1490
670
3394
16
4556
26
292
2848
909
2415
2755
1377
2406
1526
5679
12
1426
3452
21
1801
3741
138
2651
4970
30
2378
6474
37
32
2714
1576
1422
3566
3198
1383
3783
26
1499
3828
12
3086
1235
3973
1327
1380
3765
784
1631
2621
963
2500
1639
11629
29
25
41
33
2000
1365
1941
3746
1389
4987
22
24
1838
1576
3557
419
5652
45
3881
1329
5286
36
1752
3424
407
2323
2085
1687
1227
2217
4006
33
3800
20
711
1824
1669
2127
7494
20
34
1917
2053
2771
4837
28
2141
1557
1658
4701
173
1171
7007
37
736
3406
3150
22
5093
578
5403
23
3893
8
2225
2973
1874
1605
1721
4747
35
944
5553
44
1064
2618
2263
3001
3631
28
826
0
1
0
0
0
0
0
0
