Linux 5.14.0-427.el9.x86_64 (centos) 	06/27/2024 	_x86_64_	(16 CPU)

03:10:27 PM  CPU    %usr   %nice    %sys %iowait    %irq   %soft  %steal  %guest  %gnice   %idle
03:10:28 PM  all    0.25    0.00    0.12    0.00    0.00    0.00    0.00    0.00    0.00   99.62
03:10:28 PM    0    0.00    0.00    0.00    0.00    0.00    0.00    0.00    0.00    0.00  100.00
03:10:28 PM    1    0.99    0.00    0.00    0.00    0.00    0.00    0.00    0.00    0.00   99.01
03:10:28 PM    2    0.00    0.00    1.00    0.00    0.00    0.00    0.00    0.00    0.00   99.00
03:10:28 PM    3    0.00    0.00    0.00    0.00    0.00    0.00    0.00    0.00    0.00  100.00
03:10:28 PM    4    2.00    0.00    0.00    0.00    0.00    0.00    0.00    0.00    0.00   98.00
03:10:28 PM    5    0.00    0.00    0.99    0.00    0.00    0.00    0.00    0.00    0.00   99.01
03:10:28 PM    6    0.00    0.00    0.00    0.00    0.00    0.00    0.00    0.00    0.00  100.00
03:10:28 PM    7    0.00    0.00    0.00    0.00    0.00    0.00    0.00    0.00    0.00  100.00
03:10:28 PM    8    0.00    0.00    0.00    0.00    0.00    0.00    0.00    0.00    0.00  100.00
03:10:28 PM    9    0.00    0.00    0.00    0.00    0.00    0.00    0.00    0.00    0.00  100.00
03:10:28 PM   10    0.00    0.00    0.00    0.00    0.00    0.00    0.00    0.00    0.00  100.00
03:10:28 PM   11    0.00    0.00    0.00    0.00    0.00    0.00    0.00    0.00    0.00  100.00
03:10:28 PM   12    0.00    0.00    0.00    0.00    0.00    0.00    0.00    0.00    0.00  100.00
03:10:28 PM   13    1.00    0.00    0.00    0.00    0.00    0.00    0.00    0.00    0.00   99.00
03:10:28 PM   14    0.00    0.00    0.00    0.00    0.00    0.00    0.00    0.00    0.00  100.00
03:10:28 PM   15    0.00    0.00    0.00    0.00    0.00    0.00    0.00    0.00    0.00  100.00

03:10:28 PM  CPU    %usr   %nice    %sys %iowait    %irq   %soft  %steal  %guest  %gnice   %idle
03:10:29 PM  all    0.06    0.00    0.00    0.00    0.06    0.00    0.00    0.00    0.00   99.87
03:10:29 PM    0    0.00    0.00    0.00    0.00    0.00    0.00    0.00    0.00    0.00  100.00
03:10:29 PM    1    0.00    0.00    0.00    0.00    0.00    0.00    0.00    0.00    0.00  100.00
03:10:29 PM    2    0.00    0.00    0.00    0.00    0.00    0.00    0.00    0.00    0.00  100.00
03:10:29 PM    3    0.00    0.00    0.00    0.00    0.99    0.00    0.00    0.00    0.00   99.01
03:10:29 PM    4    0.00    0.00    0.00    0.00    0.00    0.00    0.00    0.00    0.00  100.00
03:10:29 PM    5    0.00    0.00    0.00    0.00    0.00    0.00    0.00    0.00    0.00  100.00
03:10:29 PM    6    0.00    0.00    0.00    0.00    0.00    0.00    0.00    0.00    0.00  100.00
03:10:29 PM    7    0.00    0.00    0.00    0.00    0.00    0.00    0.00    0.00    0.00  100.00
03:10:29 PM    8    0.00    0.00    0.00    0.00    0.00    0.00    0.00    0.00    0.00  100.00
03:10:29 PM    9    0.00    0.00    0.00    0.00    0.00    0.00    0.00    0.00    0.00  100.00
03:10:29 PM   10    0.00    0.00    0.00    0.00    0.00    0.00    0.00    0.00    0.00  100.00
03:10:29 PM   11    0.00    0.00    0.00    0.00    0.00    0.00    0.00    0.00    0.00  100.00
03:10:29 PM   12    0.00    0.00    0.00    0.00    0.00    0.00    0.00    0.00    0.00  100.00
03:10:29 PM   13    0.00    0.00    0.00    0.00    0.00    0.00    0.00    0.00    0.00  100.00
03:10:29 PM   14    0.99    0.00    0.00    0.00    0.00    0.00    0.00    0.00    0.00   99.01
03:10:29 PM   15    0.00    0.00    0.00    0.00    0.00    0.00    0.00    0.00    0.00  100.00

03:10:29 PM  CPU    %usr   %nice    %sys %iowait    %irq   %soft  %steal  %guest  %gnice   %idle
03:10:30 PM  all   12.08    0.00   12.70    0.00    0.25    5.38    0.00    0.00    0.00   69.59
03:10:30 PM    0   15.00    0.00   14.00    0.00    0.00    1.00    0.00    0.00    0.00   70.00
03:10:30 PM    1   12.87    0.00   12.87    0.00    0.99    4.95    0.00    0.00    0.00   68.32
03:10:30 PM    2   11.22    0.00   13.27    0.00    0.00    5.10    0.00    0.00    0.00   70.41
03:10:30 PM    3   12.12    0.00   12.12    0.00    0.00    6.06    0.00    0.00    0.00   69.70
03:10:30 PM    4   15.15    0.00   10.10    0.00    0.00    5.05    0.00    0.00    0.00   69.70
03:10:30 PM    5   11.00    0.00   13.00    0.00    0.00    6.00    0.00    0.00    0.00   70.00
03:10:30 PM    6   13.13    0.00   12.12    0.00    0.00    5.05    0.00    0.00    0.00   69.70
03:10:30 PM    7   10.89    0.00   10.89    0.00    0.00    9.90    0.00    0.00    0.00   68.32
03:10:30 PM    8   12.87    0.00   11.88    0.00    0.00    5.94    0.00    0.00    0.00   69.31
03:10:30 PM    9   12.00    0.00   13.00    0.00    1.00    5.00    0.00    0.00    0.00   69.00
03:10:30 PM   10   11.88    0.00   13.86    0.00    0.99    4.95    0.00    0.00    0.00   68.32
03:10:30 PM   11   12.12    0.00   12.12    0.00    0.00    5.05    0.00    0.00    0.00   70.71
03:10:30 PM   12   11.00    0.00   14.00    0.00    0.00    6.00    0.00    0.00    0.00   69.00
03:10:30 PM   13   10.89    0.00   11.88    0.00    0.99    5.94    0.00    0.00    0.00   70.30
03:10:30 PM   14   11.11    0.00   13.13    0.00    0.00    5.05    0.00    0.00    0.00   70.71
03:10:30 PM   15   10.00    0.00   15.00    0.00    0.00    5.00    0.00    0.00    0.00   70.00

03:10:30 PM  CPU    %usr   %nice    %sys %iowait    %irq   %soft  %steal  %guest  %gnice   %idle
03:10:31 PM  all   30.83    0.00   34.40    0.00    0.81   25.20    0.00    0.00    0.00    8.76
03:10:31 PM    0   48.48    0.00   37.37    0.00    1.01    0.00    0.00    0.00    0.00   13.13
03:10:31 PM    1   30.30    0.00   37.37    0.00    0.00   24.24    0.00    0.00    0.00    8.08
03:10:31 PM    2   34.65    0.00   35.64    0.00    0.99   23.76    0.00    0.00    0.00    4.95
03:10:31 PM    3   31.31    0.00   32.32    0.00    1.01   26.26    0.00    0.00    0.00    9.09
03:10:31 PM    4   35.64    0.00   31.68    0.00    0.99   27.72    0.00    0.00    0.00    3.96
03:10:31 PM    5   31.00    0.00   33.00    0.00    1.00   26.00    0.00    0.00    0.00    9.00
03:10:31 PM    6   33.00    0.00   35.00    0.00    1.00   26.00    0.00    0.00    0.00    5.00
03:10:31 PM    7   15.69    0.00   29.41    0.00    0.98   43.14    0.00    0.00    0.00   10.78
03:10:31 PM    8   28.28    0.00   30.30    0.00    1.01   25.25    0.00    0.00    0.00   15.15
03:10:31 PM    9   31.31    0.00   35.35    0.00    0.00   25.25    0.00    0.00    0.00    8.08
03:10:31 PM   10   29.00    0.00   35.00    0.00    1.00   26.00    0.00    0.00    0.00    9.00
03:10:31 PM   11   31.68    0.00   34.65    0.00    0.99   25.74    0.00    0.00    0.00    6.93
03:10:31 PM   12   29.00    0.00   37.00    0.00    1.00   26.00    0.00    0.00    0.00    7.00
03:10:31 PM   13   31.31    0.00   32.32    0.00    0.00   26.26    0.00    0.00    0.00   10.10
03:10:31 PM   14   24.00    0.00   37.00    0.00    1.00   25.00    0.00    0.00    0.00   13.00
03:10:31 PM   15   29.00    0.00   37.00    0.00    1.00   26.00    0.00    0.00    0.00    7.00

03:10:31 PM  CPU    %usr   %nice    %sys %iowait    %irq   %soft  %steal  %guest  %gnice   %idle
03:10:32 PM  all   31.30    0.00   28.54    0.00    0.50   29.73    0.00    0.00    0.00    9.93
03:10:32 PM    0   54.46    0.00   27.72    0.00    0.00    0.99    0.00    0.00    0.00   16.83
03:10:32 PM    1   34.00    0.00   26.00    0.00    1.00   30.00    0.00    0.00    0.00    9.00
03:10:32 PM    2   30.00    0.00   33.00    0.00    1.00   29.00    0.00    0.00    0.00    7.00
03:10:32 PM    3   28.28    0.00   27.27    0.00    0.00   31.31    0.00    0.00    0.00   13.13
03:10:32 PM    4   33.33    0.00   28.28    0.00    1.01   31.31    0.00    0.00    0.00    6.06
03:10:32 PM    5   29.59    0.00   28.57    0.00    0.00   30.61    0.00    0.00    0.00   11.22
03:10:32 PM    6   31.63    0.00   29.59    0.00    0.00   31.63    0.00    0.00    0.00    7.14
03:10:32 PM    7   14.85    0.00   23.76    0.00    0.99   50.50    0.00    0.00    0.00    9.90
03:10:32 PM    8   27.27    0.00   29.29    0.00    1.01   30.30    0.00    0.00    0.00   12.12
03:10:32 PM    9   31.68    0.00   29.70    0.00    0.99   28.71    0.00    0.00    0.00    8.91
03:10:32 PM   10   30.00    0.00   31.00    0.00    0.00   30.00    0.00    0.00    0.00    9.00
03:10:32 PM   11   33.33    0.00   30.30    0.00    0.00   29.29    0.00    0.00    0.00    7.07
03:10:32 PM   12   33.33    0.00   27.27    0.00    0.00   31.31    0.00    0.00    0.00    8.08
03:10:32 PM   13   36.36    0.00   24.24    0.00    1.01   30.30    0.00    0.00    0.00    8.08
03:10:32 PM   14   26.26    0.00   29.29    0.00    0.00   31.31    0.00    0.00    0.00   13.13
03:10:32 PM   15   26.26    0.00   31.31    0.00    1.01   29.29    0.00    0.00    0.00   12.12

03:10:32 PM  CPU    %usr   %nice    %sys %iowait    %irq   %soft  %steal  %guest  %gnice   %idle
03:10:33 PM  all   32.60    0.00   27.27    0.00    0.63   30.16    0.19    0.00    0.00    9.15
03:10:33 PM    0   61.62    0.00   25.25    0.00    1.01    0.00    0.00    0.00    0.00   12.12
03:10:33 PM    1   31.00    0.00   29.00    0.00    1.00   30.00    0.00    0.00    0.00    9.00
03:10:33 PM    2   33.67    0.00   30.61    0.00    0.00   29.59    0.00    0.00    0.00    6.12
03:10:33 PM    3   31.31    0.00   29.29    0.00    1.01   31.31    0.00    0.00    0.00    7.07
03:10:33 PM    4   37.00    0.00   26.00    0.00    0.00   31.00    0.00    0.00    0.00    6.00
03:10:33 PM    5   30.00    0.00   27.00    0.00    1.00   31.00    0.00    0.00    0.00   11.00
03:10:33 PM    6   33.66    0.00   26.73    0.00    0.99   31.68    0.99    0.00    0.00    5.94
03:10:33 PM    7   13.86    0.00   21.78    0.00    0.99   51.49    0.00    0.00    0.00   11.88
03:10:33 PM    8   30.69    0.00   25.74    0.00    0.00   29.70    0.99    0.00    0.00   12.87
03:10:33 PM    9   31.00    0.00   28.00    0.00    0.00   31.00    0.00    0.00    0.00   10.00
03:10:33 PM   10   28.28    0.00   31.31    0.00    1.01   30.30    0.00    0.00    0.00    9.09
03:10:33 PM   11   32.00    0.00   28.00    0.00    1.00   30.00    1.00    0.00    0.00    8.00
03:10:33 PM   12   33.33    0.00   26.26    0.00    1.01   31.31    0.00    0.00    0.00    8.08
03:10:33 PM   13   29.00    0.00   26.00    0.00    0.00   32.00    0.00    0.00    0.00   13.00
03:10:33 PM   14   31.31    0.00   28.28    0.00    1.01   30.30    0.00    0.00    0.00    9.09
03:10:33 PM   15   34.34    0.00   27.27    0.00    0.00   31.31    0.00    0.00    0.00    7.07

03:10:33 PM  CPU    %usr   %nice    %sys %iowait    %irq   %soft  %steal  %guest  %gnice   %idle
03:10:34 PM  all   33.67    0.00   26.23    0.00    0.75   30.54    0.00    0.00    0.00    8.81
03:10:34 PM    0   71.00    0.00   16.00    0.00    1.00    0.00    0.00    0.00    0.00   12.00
03:10:34 PM    1   32.32    0.00   28.28    0.00    0.00   30.30    0.00    0.00    0.00    9.09
03:10:34 PM    2   35.64    0.00   27.72    0.00    0.99   29.70    0.00    0.00    0.00    5.94
03:10:34 PM    3   27.00    0.00   28.00    0.00    1.00   32.00    0.00    0.00    0.00   12.00
03:10:34 PM    4   35.00    0.00   29.00    0.00    1.00   31.00    0.00    0.00    0.00    4.00
03:10:34 PM    5   32.00    0.00   28.00    0.00    1.00   31.00    0.00    0.00    0.00    8.00
03:10:34 PM    6   37.00    0.00   26.00    0.00    1.00   32.00    0.00    0.00    0.00    4.00
03:10:34 PM    7   16.50    0.00   22.33    0.00    0.00   52.43    0.00    0.00    0.00    8.74
03:10:34 PM    8   34.00    0.00   23.00    0.00    1.00   31.00    0.00    0.00    0.00   11.00
03:10:34 PM    9   29.70    0.00   27.72    0.00    0.99   30.69    0.00    0.00    0.00   10.89
03:10:34 PM   10   33.33    0.00   26.26    0.00    0.00   31.31    0.00    0.00    0.00    9.09
03:10:34 PM   11   32.67    0.00   27.72    0.00    0.99   29.70    0.00    0.00    0.00    8.91
03:10:34 PM   12   32.67    0.00   27.72    0.00    0.99   31.68    0.00    0.00    0.00    6.93
03:10:34 PM   13   28.57    0.00   28.57    0.00    1.02   31.63    0.00    0.00    0.00   10.20
03:10:34 PM   14   30.30    0.00   28.28    0.00    0.00   31.31    0.00    0.00    0.00   10.10
03:10:34 PM   15   31.31    0.00   25.25    0.00    1.01   32.32    0.00    0.00    0.00   10.10

03:10:34 PM  CPU    %usr   %nice    %sys %iowait    %irq   %soft  %steal  %guest  %gnice   %idle
03:10:35 PM  all   32.40    0.00   28.02    0.00    0.63   30.52    0.13    0.00    0.00    8.32
03:10:35 PM    0   80.61    0.00   12.24    0.00    0.00    1.02    0.00    0.00    0.00    6.12
03:10:35 PM    1   28.00    0.00   28.00    0.00    1.00   31.00    0.00    0.00    0.00   12.00
03:10:35 PM    2   31.31    0.00   31.31    0.00    0.00   30.30    0.00    0.00    0.00    7.07
03:10:35 PM    3   33.33    0.00   28.28    0.00    0.00   31.31    0.00    0.00    0.00    7.07
03:10:35 PM    4   32.00    0.00   33.00    0.00    1.00   31.00    0.00    0.00    0.00    3.00
03:10:35 PM    5   27.55    0.00   28.57    0.00    0.00   31.63    0.00    0.00    0.00   12.24
03:10:35 PM    6   32.67    0.00   28.71    0.00    0.99   31.68    0.00    0.00    0.00    5.94
03:10:35 PM    7   14.85    0.00   22.77    0.00    0.99   51.49    0.00    0.00    0.00    9.90
03:10:35 PM    8   31.63    0.00   26.53    0.00    1.02   30.61    0.00    0.00    0.00   10.20
03:10:35 PM    9   31.68    0.00   27.72    0.00    0.99   30.69    0.99    0.00    0.00    7.92
03:10:35 PM   10   26.47    0.00   31.37    0.00    0.98   31.37    0.00    0.00    0.00    9.80
03:10:35 PM   11   31.63    0.00   30.61    0.00    0.00   30.61    0.00    0.00    0.00    7.14
03:10:35 PM   12   29.00    0.00   30.00    0.00    0.00   31.00    1.00    0.00    0.00    9.00
03:10:35 PM   13   29.41    0.00   29.41    0.00    0.98   31.37    0.00    0.00    0.00    8.82
03:10:35 PM   14   29.00    0.00   31.00    0.00    1.00   31.00    0.00    0.00    0.00    8.00
03:10:35 PM   15   30.39    0.00   28.43    0.00    0.98   31.37    0.00    0.00    0.00    8.82

03:10:35 PM  CPU    %usr   %nice    %sys %iowait    %irq   %soft  %steal  %guest  %gnice   %idle
03:10:36 PM  all   30.62    0.00   27.30    0.00    0.69   31.31    0.00    0.00    0.00   10.08
03:10:36 PM    0   67.00    0.00   18.00    0.00    1.00    0.00    0.00    0.00    0.00   14.00
03:10:36 PM    1   27.00    0.00   31.00    0.00    1.00   31.00    0.00    0.00    0.00   10.00
03:10:36 PM    2   33.00    0.00   30.00    0.00    1.00   30.00    0.00    0.00    0.00    6.00
03:10:36 PM    3   28.71    0.00   29.70    0.00    0.99   31.68    0.00    0.00    0.00    8.91
03:10:36 PM    4   28.28    0.00   30.30    0.00    0.00   31.31    0.00    0.00    0.00   10.10
03:10:36 PM    5   27.72    0.00   27.72    0.00    0.99   32.67    0.00    0.00    0.00   10.89
03:10:36 PM    6   33.00    0.00   28.00    0.00    0.00   33.00    0.00    0.00    0.00    6.00
03:10:36 PM    7   13.86    0.00   23.76    0.00    0.99   53.47    0.00    0.00    0.00    7.92
03:10:36 PM    8   30.30    0.00   26.26    0.00    0.00   32.32    0.00    0.00    0.00   11.11
03:10:36 PM    9   28.57    0.00   25.51    0.00    0.00   32.65    0.00    0.00    0.00   13.27
03:10:36 PM   10   27.00    0.00   28.00    0.00    1.00   32.00    0.00    0.00    0.00   12.00
03:10:36 PM   11   32.67    0.00   28.71    0.00    0.99   31.68    0.00    0.00    0.00    5.94
03:10:36 PM   12   28.00    0.00   29.00    0.00    1.00   32.00    0.00    0.00    0.00   10.00
03:10:36 PM   13   27.00    0.00   26.00    0.00    1.00   33.00    0.00    0.00    0.00   13.00
03:10:36 PM   14   29.29    0.00   26.26    0.00    1.01   31.31    0.00    0.00    0.00   12.12
03:10:36 PM   15   28.57    0.00   28.57    0.00    0.00   32.65    0.00    0.00    0.00   10.20

03:10:36 PM  CPU    %usr   %nice    %sys %iowait    %irq   %soft  %steal  %guest  %gnice   %idle
03:10:37 PM  all   29.89    0.00   27.83    0.00    0.68   31.94    0.06    0.00    0.00    9.59
03:10:37 PM    0   64.71    0.00   19.61    0.00    0.98    0.98    0.98    0.00    0.00   12.75
03:10:37 PM    1   30.30    0.00   28.28    0.00    0.00   32.32    0.00    0.00    0.00    9.09
03:10:37 PM    2   29.70    0.00   31.68    0.00    0.99   31.68    0.00    0.00    0.00    5.94
03:10:37 PM    3   27.72    0.00   28.71    0.00    0.99   32.67    0.00    0.00    0.00    9.90
03:10:37 PM    4   28.00    0.00   29.00    0.00    1.00   33.00    0.00    0.00    0.00    9.00
03:10:37 PM    5   28.00    0.00   29.00    0.00    1.00   33.00    0.00    0.00    0.00    9.00
03:10:37 PM    6   30.00    0.00   30.00    0.00    1.00   33.00    0.00    0.00    0.00    6.00
03:10:37 PM    7   13.73    0.00   20.59    0.00    0.98   53.92    0.00    0.00    0.00   10.78
03:10:37 PM    8   26.21    0.00   28.16    0.00    0.97   31.07    0.00    0.00    0.00   13.59
03:10:37 PM    9   34.65    0.00   23.76    0.00    0.99   32.67    0.00    0.00    0.00    7.92
03:10:37 PM   10   28.28    0.00   30.30    0.00    0.00   32.32    0.00    0.00    0.00    9.09
03:10:37 PM   11   27.27    0.00   30.30    0.00    0.00   32.32    0.00    0.00    0.00   10.10
03:10:37 PM   12   27.72    0.00   29.70    0.00    0.99   32.67    0.00    0.00    0.00    8.91
03:10:37 PM   13   27.00    0.00   28.00    0.00    0.00   34.00    0.00    0.00    0.00   11.00
03:10:37 PM   14   25.51    0.00   30.61    0.00    0.00   33.67    0.00    0.00    0.00   10.20
03:10:37 PM   15   29.00    0.00   28.00    0.00    1.00   32.00    0.00    0.00    0.00   10.00

03:10:37 PM  CPU    %usr   %nice    %sys %iowait    %irq   %soft  %steal  %guest  %gnice   %idle
03:10:38 PM  all   29.51    0.00   28.88    0.00    0.57   32.09    0.06    0.00    0.00    8.89
03:10:38 PM    0   64.29    0.00   23.47    0.00    0.00    0.00    0.00    0.00    0.00   12.24
03:10:38 PM    1   31.31    0.00   29.29    0.00    1.01   31.31    0.00    0.00    0.00    7.07
03:10:38 PM    2   31.63    0.00   31.63    0.00    0.00   30.61    0.00    0.00    0.00    6.12
03:10:38 PM    3   28.87    0.00   30.93    0.00    0.00   34.02    0.00    0.00    0.00    6.19
03:10:38 PM    4   27.55    0.00   30.61    0.00    0.00   31.63    0.00    0.00    0.00   10.20
03:10:38 PM    5   25.00    0.00   31.00    0.00    0.00   33.00    0.00    0.00    0.00   11.00
03:10:38 PM    6   26.00    0.00   31.00    0.00    1.00   33.00    0.00    0.00    0.00    9.00
03:10:38 PM    7   12.00    0.00   23.00    0.00    0.00   56.00    0.00    0.00    0.00    9.00
03:10:38 PM    8   27.27    0.00   28.28    0.00    1.01   32.32    0.00    0.00    0.00   11.11
03:10:38 PM    9   27.00    0.00   31.00    0.00    1.00   32.00    0.00    0.00    0.00    9.00
03:10:38 PM   10   28.00    0.00   29.00    0.00    1.00   33.00    0.00    0.00    0.00    9.00
03:10:38 PM   11   25.25    0.00   31.31    0.00    1.01   33.33    0.00    0.00    0.00    9.09
03:10:38 PM   12   34.34    0.00   28.28    0.00    0.00   33.33    0.00    0.00    0.00    4.04
03:10:38 PM   13   28.57    0.00   25.51    0.00    1.02   33.67    0.00    0.00    0.00   11.22
03:10:38 PM   14   29.00    0.00   27.00    0.00    1.00   33.00    1.00    0.00    0.00    9.00
03:10:38 PM   15   26.73    0.00   30.69    0.00    0.99   32.67    0.00    0.00    0.00    8.91

03:10:38 PM  CPU    %usr   %nice    %sys %iowait    %irq   %soft  %steal  %guest  %gnice   %idle
03:10:39 PM  all   29.78    0.00   27.59    0.00    0.75   31.96    0.00    0.00    0.00    9.93
03:10:39 PM    0   56.00    0.00   23.00    0.00    1.00    1.00    0.00    0.00    0.00   19.00
03:10:39 PM    1   34.00    0.00   25.00    0.00    1.00   32.00    0.00    0.00    0.00    8.00
03:10:39 PM    2   28.71    0.00   31.68    0.00    0.99   30.69    0.00    0.00    0.00    7.92
03:10:39 PM    3   30.69    0.00   27.72    0.00    0.99   32.67    0.00    0.00    0.00    7.92
03:10:39 PM    4   29.70    0.00   25.74    0.00    0.99   31.68    0.00    0.00    0.00   11.88
03:10:39 PM    5   29.00    0.00   29.00    0.00    1.00   34.00    0.00    0.00    0.00    7.00
03:10:39 PM    6   27.27    0.00   31.31    0.00    0.00   32.32    0.00    0.00    0.00    9.09
03:10:39 PM    7   10.89    0.00   23.76    0.00    0.99   55.45    0.00    0.00    0.00    8.91
03:10:39 PM    8   29.00    0.00   27.00    0.00    0.00   32.00    0.00    0.00    0.00   12.00
03:10:39 PM    9   27.00    0.00   28.00    0.00    0.00   33.00    0.00    0.00    0.00   12.00
03:10:39 PM   10   26.00    0.00   29.00    0.00    1.00   33.00    0.00    0.00    0.00   11.00
03:10:39 PM   11   27.27    0.00   28.28    0.00    1.01   33.33    0.00    0.00    0.00   10.10
03:10:39 PM   12   33.66    0.00   25.74    0.00    0.99   33.66    0.00    0.00    0.00    5.94
03:10:39 PM   13   34.00    0.00   26.00    0.00    1.00   33.00    0.00    0.00    0.00    6.00
03:10:39 PM   14   26.26    0.00   29.29    0.00    1.01   31.31    0.00    0.00    0.00   12.12
03:10:39 PM   15   27.00    0.00   31.00    0.00    0.00   32.00    0.00    0.00    0.00   10.00

03:10:39 PM  CPU    %usr   %nice    %sys %iowait    %irq   %soft  %steal  %guest  %gnice   %idle
03:10:40 PM  all   30.24    0.00   29.50    0.00    0.75   30.86    0.00    0.00    0.00    8.65
03:10:40 PM    0   65.35    0.00   23.76    0.00    0.99    0.00    0.00    0.00    0.00    9.90
03:10:40 PM    1   29.29    0.00   32.32    0.00    0.00   30.30    0.00    0.00    0.00    8.08
03:10:40 PM    2   30.69    0.00   30.69    0.00    0.99   29.70    0.00    0.00    0.00    7.92
03:10:40 PM    3   28.43    0.00   29.41    0.00    0.98   31.37    0.00    0.00    0.00    9.80
03:10:40 PM    4   28.00    0.00   29.00    0.00    1.00   31.00    0.00    0.00    0.00   11.00
03:10:40 PM    5   32.00    0.00   27.00    0.00    1.00   33.00    0.00    0.00    0.00    7.00
03:10:40 PM    6   28.28    0.00   31.31    0.00    1.01   31.31    0.00    0.00    0.00    8.08
03:10:40 PM    7   13.00    0.00   25.00    0.00    0.00   54.00    0.00    0.00    0.00    8.00
03:10:40 PM    8   27.72    0.00   30.69    0.00    0.99   30.69    0.00    0.00    0.00    9.90
03:10:40 PM    9   29.00    0.00   32.00    0.00    1.00   31.00    0.00    0.00    0.00    7.00
03:10:40 PM   10   28.43    0.00   31.37    0.00    0.98   31.37    0.00    0.00    0.00    7.84
03:10:40 PM   11   28.71    0.00   30.69    0.00    0.99   31.68    0.00    0.00    0.00    7.92
03:10:40 PM   12   26.47    0.00   32.35    0.00    0.98   32.35    0.00    0.00    0.00    7.84
03:10:40 PM   13   25.00    0.00   31.00    0.00    0.00   33.00    0.00    0.00    0.00   11.00
03:10:40 PM   14   28.00    0.00   29.00    0.00    0.00   32.00    0.00    0.00    0.00   11.00
03:10:40 PM   15   35.35    0.00   26.26    0.00    1.01   31.31    0.00    0.00    0.00    6.06

03:10:40 PM  CPU    %usr   %nice    %sys %iowait    %irq   %soft  %steal  %guest  %gnice   %idle
03:10:41 PM  all   30.56    0.00   28.05    0.00    0.50   31.43    0.06    0.00    0.00    9.39
03:10:41 PM    0   64.00    0.00   23.00    0.00    0.00    2.00    0.00    0.00    0.00   11.00
03:10:41 PM    1   29.00    0.00   30.00    0.00    1.00   32.00    0.00    0.00    0.00    8.00
03:10:41 PM    2   29.90    0.00   30.93    0.00    0.00   31.96    0.00    0.00    0.00    7.22
03:10:41 PM    3   28.57    0.00   28.57    0.00    1.02   32.65    0.00    0.00    0.00    9.18
03:10:41 PM    4   29.29    0.00   30.30    0.00    0.00   31.31    0.00    0.00    0.00    9.09
03:10:41 PM    5   31.31    0.00   26.26    0.00    0.00   33.33    0.00    0.00    0.00    9.09
03:10:41 PM    6   27.45    0.00   30.39    0.00    0.98   30.39    0.00    0.00    0.00   10.78
03:10:41 PM    7   13.86    0.00   22.77    0.00    0.99   53.47    0.00    0.00    0.00    8.91
03:10:41 PM    8   28.71    0.00   26.73    0.00    0.99   31.68    0.00    0.00    0.00   11.88
03:10:41 PM    9   29.00    0.00   29.00    0.00    0.00   32.00    0.00    0.00    0.00   10.00
03:10:41 PM   10   32.65    0.00   27.55    0.00    0.00   32.65    0.00    0.00    0.00    7.14
03:10:41 PM   11   31.31    0.00   27.27    0.00    0.00   33.33    0.00    0.00    0.00    8.08
03:10:41 PM   12   29.00    0.00   31.00    0.00    0.00   32.00    0.00    0.00    0.00    8.00
03:10:41 PM   13   28.43    0.00   30.39    0.00    0.98   31.37    0.98    0.00    0.00    7.84
03:10:41 PM   14   27.27    0.00   27.27    0.00    1.01   31.31    0.00    0.00    0.00   13.13
03:10:41 PM   15   29.41    0.00   27.45    0.00    0.98   31.37    0.00    0.00    0.00   10.78

03:10:41 PM  CPU    %usr   %nice    %sys %iowait    %irq   %soft  %steal  %guest  %gnice   %idle
03:10:42 PM  all   29.52    0.00   28.58    0.00    0.75   32.08    0.00    0.00    0.00    9.07
03:10:42 PM    0   29.29    0.00   27.27    0.00    1.01   32.32    0.00    0.00    0.00   10.10
03:10:42 PM    1   27.72    0.00   26.73    0.00    0.99   31.68    0.00    0.00    0.00   12.87
03:10:42 PM    2   30.39    0.00   31.37    0.00    0.98   30.39    0.00    0.00    0.00    6.86
03:10:42 PM    3   30.30    0.00   30.30    0.00    0.00   33.33    0.00    0.00    0.00    6.06
03:10:42 PM    4   26.26    0.00   31.31    0.00    1.01   32.32    0.00    0.00    0.00    9.09
03:10:42 PM    5   35.35    0.00   24.24    0.00    1.01   34.34    0.00    0.00    0.00    5.05
03:10:42 PM    6   32.32    0.00   27.27    0.00    0.00   32.32    0.00    0.00    0.00    8.08
03:10:42 PM    7   28.71    0.00   31.68    0.00    0.99   30.69    0.00    0.00    0.00    7.92
03:10:42 PM    8   27.55    0.00   28.57    0.00    0.00   31.63    0.00    0.00    0.00   12.24
03:10:42 PM    9   30.30    0.00   28.28    0.00    1.01   31.31    0.00    0.00    0.00    9.09
03:10:42 PM   10   27.45    0.00   29.41    0.00    0.98   32.35    0.00    0.00    0.00    9.80
03:10:42 PM   11   30.69    0.00   27.72    0.00    0.99   31.68    0.00    0.00    0.00    8.91
03:10:42 PM   12   30.00    0.00   29.00    0.00    1.00   32.00    0.00    0.00    0.00    8.00
03:10:42 PM   13   27.72    0.00   25.74    0.00    0.99   32.67    0.00    0.00    0.00   12.87
03:10:42 PM   14   27.72    0.00   29.70    0.00    0.99   32.67    0.00    0.00    0.00    8.91
03:10:42 PM   15   30.61    0.00   28.57    0.00    0.00   31.63    0.00    0.00    0.00    9.18

03:10:42 PM  CPU    %usr   %nice    %sys %iowait    %irq   %soft  %steal  %guest  %gnice   %idle
03:10:43 PM  all   29.15    0.00   27.90    0.00    0.63   32.29    0.00    0.00    0.00   10.03
03:10:43 PM    0   27.72    0.00   27.72    0.00    0.99   32.67    0.00    0.00    0.00   10.89
03:10:43 PM    1   36.73    0.00   22.45    0.00    0.00   32.65    0.00    0.00    0.00    8.16
03:10:43 PM    2   34.00    0.00   27.00    0.00    1.00   31.00    0.00    0.00    0.00    7.00
03:10:43 PM    3   29.29    0.00   26.26    0.00    1.01   33.33    0.00    0.00    0.00   10.10
03:10:43 PM    4   27.00    0.00   29.00    0.00    1.00   31.00    0.00    0.00    0.00   12.00
03:10:43 PM    5   23.53    0.00   32.35    0.00    0.98   32.35    0.00    0.00    0.00   10.78
03:10:43 PM    6   29.00    0.00   26.00    0.00    1.00   31.00    0.00    0.00    0.00   13.00
03:10:43 PM    7   35.29    0.00   23.53    0.00    0.98   31.37    0.00    0.00    0.00    8.82
03:10:43 PM    8   27.00    0.00   27.00    0.00    1.00   31.00    0.00    0.00    0.00   14.00
03:10:43 PM    9   27.72    0.00   28.71    0.00    0.99   33.66    0.00    0.00    0.00    8.91
03:10:43 PM   10   29.90    0.00   28.87    0.00    0.00   32.99    0.00    0.00    0.00    8.25
03:10:43 PM   11   27.55    0.00   30.61    0.00    0.00   32.65    0.00    0.00    0.00    9.18
03:10:43 PM   12   28.57    0.00   29.59    0.00    0.00   33.67    0.00    0.00    0.00    8.16
03:10:43 PM   13   24.24    0.00   28.28    0.00    0.00   33.33    0.00    0.00    0.00   14.14
03:10:43 PM   14   29.29    0.00   29.29    0.00    0.00   32.32    0.00    0.00    0.00    9.09
03:10:43 PM   15   29.70    0.00   29.70    0.00    0.99   31.68    0.00    0.00    0.00    7.92

03:10:43 PM  CPU    %usr   %nice    %sys %iowait    %irq   %soft  %steal  %guest  %gnice   %idle
03:10:44 PM  all   29.12    0.00   28.94    0.00    0.69   32.38    0.00    0.00    0.00    8.88
03:10:44 PM    0   29.29    0.00   28.28    0.00    1.01   32.32    0.00    0.00    0.00    9.09
03:10:44 PM    1   31.68    0.00   26.73    0.00    0.99   30.69    0.00    0.00    0.00    9.90
03:10:44 PM    2   30.30    0.00   30.30    0.00    0.00   32.32    0.00    0.00    0.00    7.07
03:10:44 PM    3   28.43    0.00   28.43    0.00    0.98   32.35    0.00    0.00    0.00    9.80
03:10:44 PM    4   26.26    0.00   30.30    0.00    0.00   32.32    0.00    0.00    0.00   11.11
03:10:44 PM    5   28.57    0.00   29.59    0.00    0.00   34.69    0.00    0.00    0.00    7.14
03:10:44 PM    6   25.25    0.00   26.26    0.00    1.01   33.33    0.00    0.00    0.00   14.14
03:10:44 PM    7   35.05    0.00   26.80    0.00    0.00   31.96    0.00    0.00    0.00    6.19
03:10:44 PM    8   31.00    0.00   28.00    0.00    1.00   31.00    0.00    0.00    0.00    9.00
03:10:44 PM    9   26.26    0.00   31.31    0.00    0.00   33.33    0.00    0.00    0.00    9.09
03:10:44 PM   10   28.43    0.00   29.41    0.00    0.98   32.35    0.00    0.00    0.00    8.82
03:10:44 PM   11   31.37    0.00   29.41    0.00    0.98   32.35    0.00    0.00    0.00    5.88
03:10:44 PM   12   29.41    0.00   29.41    0.00    0.98   32.35    0.00    0.00    0.00    7.84
03:10:44 PM   13   28.00    0.00   29.00    0.00    1.00   33.00    0.00    0.00    0.00    9.00
03:10:44 PM   14   28.28    0.00   29.29    0.00    1.01   31.31    0.00    0.00    0.00   10.10
03:10:44 PM   15   28.43    0.00   30.39    0.00    0.98   32.35    0.00    0.00    0.00    7.84

03:10:44 PM  CPU    %usr   %nice    %sys %iowait    %irq   %soft  %steal  %guest  %gnice   %idle
03:10:45 PM  all   29.77    0.00   28.52    0.00    0.69   31.85    0.00    0.00    0.00    9.17
03:10:45 PM    0   30.00    0.00   29.00    0.00    1.00   32.00    0.00    0.00    0.00    8.00
03:10:45 PM    1   30.00    0.00   27.00    0.00    0.00   31.00    0.00    0.00    0.00   12.00
03:10:45 PM    2   31.31    0.00   29.29    0.00    1.01   31.31    0.00    0.00    0.00    7.07
03:10:45 PM    3   30.00    0.00   28.00    0.00    1.00   32.00    0.00    0.00    0.00    9.00
03:10:45 PM    4   36.36    0.00   23.23    0.00    1.01   31.31    0.00    0.00    0.00    8.08
03:10:45 PM    5   28.28    0.00   27.27    0.00    1.01   32.32    0.00    0.00    0.00   11.11
03:10:45 PM    6   26.53    0.00   26.53    0.00    0.00   31.63    0.00    0.00    0.00   15.31
03:10:45 PM    7   28.00    0.00   30.00    0.00    1.00   31.00    0.00    0.00    0.00   10.00
03:10:45 PM    8   39.39    0.00   24.24    0.00    0.00   31.31    0.00    0.00    0.00    5.05
03:10:45 PM    9   27.72    0.00   29.70    0.00    0.99   32.67    0.00    0.00    0.00    8.91
03:10:45 PM   10   29.00    0.00   30.00    0.00    1.00   32.00    0.00    0.00    0.00    8.00
03:10:45 PM   11   26.00    0.00   31.00    0.00    1.00   32.00    0.00    0.00    0.00   10.00
03:10:45 PM   12   27.27    0.00   31.31    0.00    1.01   32.32    0.00    0.00    0.00    8.08
03:10:45 PM   13   31.00    0.00   27.00    0.00    1.00   32.00    0.00    0.00    0.00    9.00
03:10:45 PM   14   28.00    0.00   31.00    0.00    0.00   32.00    0.00    0.00    0.00    9.00
03:10:45 PM   15   27.55    0.00   31.63    0.00    0.00   32.65    0.00    0.00    0.00    8.16

03:10:45 PM  CPU    %usr   %nice    %sys %iowait    %irq   %soft  %steal  %guest  %gnice   %idle
03:10:46 PM  all   29.57    0.00   28.69    0.00    0.56   31.76    0.06    0.00    0.00    9.35
03:10:46 PM    0   25.51    0.00   28.57    0.00    1.02   31.63    0.00    0.00    0.00   13.27
03:10:46 PM    1   29.00    0.00   30.00    0.00    1.00   31.00    0.00    0.00    0.00    9.00
03:10:46 PM    2   31.63    0.00   31.63    0.00    0.00   30.61    0.00    0.00    0.00    6.12
03:10:46 PM    3   28.57    0.00   28.57    0.00    0.00   32.65    0.00    0.00    0.00   10.20
03:10:46 PM    4   36.63    0.00   24.75    0.00    0.99   32.67    0.00    0.00    0.00    4.95
03:10:46 PM    5   34.34    0.00   23.23    0.00    0.00   32.32    0.00    0.00    0.00   10.10
03:10:46 PM    6   28.28    0.00   26.26    0.00    1.01   31.31    0.00    0.00    0.00   13.13
03:10:46 PM    7   29.00    0.00   29.00    0.00    1.00   32.00    0.00    0.00    0.00    9.00
03:10:46 PM    8   29.00    0.00   28.00    0.00    1.00   32.00    0.00    0.00    0.00   10.00
03:10:46 PM    9   29.00    0.00   28.00    0.00    1.00   32.00    0.00    0.00    0.00   10.00
03:10:46 PM   10   30.30    0.00   29.29    0.00    0.00   32.32    0.00    0.00    0.00    8.08
03:10:46 PM   11   29.00    0.00   31.00    0.00    0.00   32.00    0.00    0.00    0.00    8.00
03:10:46 PM   12   26.26    0.00   30.30    0.00    0.00   32.32    0.00    0.00    0.00   11.11
03:10:46 PM   13   29.00    0.00   28.00    0.00    0.00   32.00    0.00    0.00    0.00   11.00
03:10:46 PM   14   27.45    0.00   33.33    0.00    0.98   30.39    0.00    0.00    0.00    7.84
03:10:46 PM   15   30.00    0.00   29.00    0.00    1.00   31.00    1.00    0.00    0.00    8.00

03:10:46 PM  CPU    %usr   %nice    %sys %iowait    %irq   %soft  %steal  %guest  %gnice   %idle
03:10:47 PM  all   28.88    0.00   29.20    0.00    0.75   31.89    0.00    0.00    0.00    9.27
03:10:47 PM    0   30.30    0.00   27.27    0.00    0.00   31.31    0.00    0.00    0.00   11.11
03:10:47 PM    1   27.72    0.00   31.68    0.00    0.99   30.69    0.00    0.00    0.00    8.91
03:10:47 PM    2   35.00    0.00   28.00    0.00    1.00   31.00    0.00    0.00    0.00    5.00
03:10:47 PM    3   25.00    0.00   28.00    0.00    1.00   31.00    0.00    0.00    0.00   15.00
03:10:47 PM    4   29.90    0.00   26.80    0.00    0.00   32.99    0.00    0.00    0.00   10.31
03:10:47 PM    5   30.69    0.00   26.73    0.00    0.99   32.67    0.00    0.00    0.00    8.91
03:10:47 PM    6   28.71    0.00   29.70    0.00    0.99   30.69    0.00    0.00    0.00    9.90
03:10:47 PM    7   29.29    0.00   29.29    0.00    0.00   32.32    0.00    0.00    0.00    9.09
03:10:47 PM    8   32.00    0.00   26.00    0.00    1.00   31.00    0.00    0.00    0.00   10.00
03:10:47 PM    9   28.57    0.00   28.57    0.00    0.00   32.65    0.00    0.00    0.00   10.20
03:10:47 PM   10   26.26    0.00   31.31    0.00    1.01   32.32    0.00    0.00    0.00    9.09
03:10:47 PM   11   29.00    0.00   31.00    0.00    1.00   32.00    0.00    0.00    0.00    7.00
03:10:47 PM   12   29.00    0.00   31.00    0.00    1.00   33.00    0.00    0.00    0.00    6.00
03:10:47 PM   13   27.27    0.00   29.29    0.00    1.01   33.33    0.00    0.00    0.00    9.09
03:10:47 PM   14   27.72    0.00   30.69    0.00    0.99   31.68    0.00    0.00    0.00    8.91
03:10:47 PM   15   25.74    0.00   31.68    0.00    0.99   31.68    0.00    0.00    0.00    9.90

03:10:47 PM  CPU    %usr   %nice    %sys %iowait    %irq   %soft  %steal  %guest  %gnice   %idle
03:10:48 PM  all   28.33    0.00   28.52    0.00    0.75   32.50    0.00    0.00    0.00    9.90
03:10:48 PM    0   29.70    0.00   25.74    0.00    0.99   32.67    0.00    0.00    0.00   10.89
03:10:48 PM    1   27.00    0.00   28.00    0.00    0.00   31.00    0.00    0.00    0.00   14.00
03:10:48 PM    2   31.00    0.00   29.00    0.00    1.00   32.00    0.00    0.00    0.00    7.00
03:10:48 PM    3   33.00    0.00   25.00    0.00    1.00   33.00    0.00    0.00    0.00    8.00
03:10:48 PM    4   27.45    0.00   29.41    0.00    0.98   31.37    0.00    0.00    0.00   10.78
03:10:48 PM    5   29.29    0.00   26.26    0.00    1.01   34.34    0.00    0.00    0.00    9.09
03:10:48 PM    6   26.00    0.00   32.00    0.00    0.00   32.00    0.00    0.00    0.00   10.00
03:10:48 PM    7   26.00    0.00   31.00    0.00    1.00   33.00    0.00    0.00    0.00    9.00
03:10:48 PM    8   28.28    0.00   28.28    0.00    0.00   31.31    0.00    0.00    0.00   12.12
03:10:48 PM    9   28.71    0.00   27.72    0.00    0.99   32.67    0.00    0.00    0.00    9.90
03:10:48 PM   10   29.70    0.00   26.73    0.00    0.99   32.67    0.00    0.00    0.00    9.90
03:10:48 PM   11   28.71    0.00   28.71    0.00    0.99   32.67    0.00    0.00    0.00    8.91
03:10:48 PM   12   27.72    0.00   28.71    0.00    0.99   32.67    0.00    0.00    0.00    9.90
03:10:48 PM   13   27.00    0.00   30.00    0.00    1.00   33.00    0.00    0.00    0.00    9.00
03:10:48 PM   14   28.00    0.00   28.00    0.00    0.00   33.00    0.00    0.00    0.00   11.00
03:10:48 PM   15   25.74    0.00   31.68    0.00    0.99   32.67    0.00    0.00    0.00    8.91

03:10:48 PM  CPU    %usr   %nice    %sys %iowait    %irq   %soft  %steal  %guest  %gnice   %idle
03:10:49 PM  all   31.09    0.00   27.89    0.00    0.38   32.22    0.06    0.00    0.00    8.35
03:10:49 PM    0   29.00    0.00   27.00    0.00    1.00   32.00    0.00    0.00    0.00   11.00
03:10:49 PM    1   26.26    0.00   27.27    0.00    1.01   31.31    0.00    0.00    0.00   14.14
03:10:49 PM    2   34.34    0.00   30.30    0.00    0.00   31.31    0.00    0.00    0.00    4.04
03:10:49 PM    3   31.00    0.00   30.00    0.00    0.00   31.00    0.00    0.00    0.00    8.00
03:10:49 PM    4   31.31    0.00   27.27    0.00    0.00   31.31    0.00    0.00    0.00   10.10
03:10:49 PM    5   28.00    0.00   29.00    0.00    0.00   33.00    0.00    0.00    0.00   10.00
03:10:49 PM    6   32.32    0.00   24.24    0.00    1.01   32.32    0.00    0.00    0.00   10.10
03:10:49 PM    7   32.32    0.00   28.28    0.00    0.00   33.33    0.00    0.00    0.00    6.06
03:10:49 PM    8   30.00    0.00   27.00    0.00    1.00   31.00    0.00    0.00    0.00   11.00
03:10:49 PM    9   30.00    0.00   28.00    0.00    1.00   33.00    0.00    0.00    0.00    8.00
03:10:49 PM   10   29.00    0.00   31.00    0.00    0.00   32.00    0.00    0.00    0.00    8.00
03:10:49 PM   11   33.33    0.00   27.27    0.00    0.00   33.33    0.00    0.00    0.00    6.06
03:10:49 PM   12   37.76    0.00   24.49    0.00    0.00   33.67    0.00    0.00    0.00    4.08
03:10:49 PM   13   30.30    0.00   27.27    0.00    0.00   32.32    1.01    0.00    0.00    9.09
03:10:49 PM   14   29.70    0.00   29.70    0.00    0.99   31.68    0.00    0.00    0.00    7.92
03:10:49 PM   15   33.00    0.00   28.00    0.00    0.00   33.00    0.00    0.00    0.00    6.00

03:10:49 PM  CPU    %usr   %nice    %sys %iowait    %irq   %soft  %steal  %guest  %gnice   %idle
03:10:50 PM  all   27.28    0.00   29.04    0.00    0.81   35.61    0.00    0.00    0.00    7.26
03:10:50 PM    0   30.39    0.00   26.47    0.00    0.98   35.29    0.00    0.00    0.00    6.86
03:10:50 PM    1   24.00    0.00   30.00    0.00    1.00   36.00    0.00    0.00    0.00    9.00
03:10:50 PM    2   27.00    0.00   31.00    0.00    1.00   33.00    0.00    0.00    0.00    8.00
03:10:50 PM    3   27.00    0.00   31.00    0.00    1.00   34.00    0.00    0.00    0.00    7.00
03:10:50 PM    4   29.00    0.00   30.00    0.00    1.00   35.00    0.00    0.00    0.00    5.00
03:10:50 PM    5   26.73    0.00   26.73    0.00    0.99   37.62    0.00    0.00    0.00    7.92
03:10:50 PM    6   28.71    0.00   29.70    0.00    0.00   34.65    0.00    0.00    0.00    6.93
03:10:50 PM    7   26.53    0.00   26.53    0.00    1.02   36.73    0.00    0.00    0.00    9.18
03:10:50 PM    8   26.00    0.00   30.00    0.00    0.00   35.00    0.00    0.00    0.00    9.00
03:10:50 PM    9   22.77    0.00   31.68    0.00    0.99   37.62    0.00    0.00    0.00    6.93
03:10:50 PM   10   28.71    0.00   30.69    0.00    0.99   36.63    0.00    0.00    0.00    2.97
03:10:50 PM   11   34.00    0.00   25.00    0.00    1.00   34.00    0.00    0.00    0.00    6.00
03:10:50 PM   12   27.55    0.00   28.57    0.00    1.02   35.71    0.00    0.00    0.00    7.14
03:10:50 PM   13   24.00    0.00   28.00    0.00    1.00   36.00    0.00    0.00    0.00   11.00
03:10:50 PM   14   26.80    0.00   28.87    0.00    0.00   36.08    0.00    0.00    0.00    8.25
03:10:50 PM   15   27.27    0.00   30.30    0.00    1.01   36.36    0.00    0.00    0.00    5.05

03:10:50 PM  CPU    %usr   %nice    %sys %iowait    %irq   %soft  %steal  %guest  %gnice   %idle
03:10:51 PM  all   25.51    0.00   28.63    0.00    0.50   37.87    0.00    0.00    0.00    7.49
03:10:51 PM    0   24.00    0.00   31.00    0.00    1.00   37.00    0.00    0.00    0.00    7.00
03:10:51 PM    1   26.00    0.00   30.00    0.00    0.00   37.00    0.00    0.00    0.00    7.00
03:10:51 PM    2   26.26    0.00   28.28    0.00    0.00   36.36    0.00    0.00    0.00    9.09
03:10:51 PM    3   23.00    0.00   33.00    0.00    0.00   38.00    0.00    0.00    0.00    6.00
03:10:51 PM    4   31.68    0.00   23.76    0.00    0.99   37.62    0.00    0.00    0.00    5.94
03:10:51 PM    5   24.00    0.00   26.00    0.00    1.00   38.00    0.00    0.00    0.00   11.00
03:10:51 PM    6   24.75    0.00   28.71    0.00    0.99   37.62    0.00    0.00    0.00    7.92
03:10:51 PM    7   25.49    0.00   29.41    0.00    0.98   37.25    0.00    0.00    0.00    6.86
03:10:51 PM    8   35.64    0.00   20.79    0.00    0.99   37.62    0.00    0.00    0.00    4.95
03:10:51 PM    9   21.65    0.00   32.99    0.00    0.00   39.18    0.00    0.00    0.00    6.19
03:10:51 PM   10   25.51    0.00   30.61    0.00    0.00   38.78    0.00    0.00    0.00    5.10
03:10:51 PM   11   21.21    0.00   27.27    0.00    0.00   38.38    0.00    0.00    0.00   13.13
03:10:51 PM   12   25.24    0.00   27.18    0.00    0.97   37.86    0.00    0.00    0.00    8.74
03:10:51 PM   13   25.74    0.00   28.71    0.00    0.00   38.61    0.00    0.00    0.00    6.93
03:10:51 PM   14   22.77    0.00   29.70    0.00    0.99   37.62    0.00    0.00    0.00    8.91
03:10:51 PM   15   25.00    0.00   31.00    0.00    0.00   39.00    0.00    0.00    0.00    5.00

03:10:51 PM  CPU    %usr   %nice    %sys %iowait    %irq   %soft  %steal  %guest  %gnice   %idle
03:10:52 PM  all   24.84    0.00   27.96    0.00    0.62   38.98    0.00    0.00    0.00    7.60
03:10:52 PM    0   23.23    0.00   28.28    0.00    0.00   38.38    0.00    0.00    0.00   10.10
03:10:52 PM    1   30.00    0.00   25.00    0.00    1.00   38.00    0.00    0.00    0.00    6.00
03:10:52 PM    2   29.00    0.00   25.00    0.00    1.00   38.00    0.00    0.00    0.00    7.00
03:10:52 PM    3   26.73    0.00   29.70    0.00    0.99   36.63    0.00    0.00    0.00    5.94
03:10:52 PM    4   22.77    0.00   29.70    0.00    0.00   39.60    0.00    0.00    0.00    7.92
03:10:52 PM    5   20.00    0.00   27.00    0.00    0.00   40.00    0.00    0.00    0.00   13.00
03:10:52 PM    6   26.73    0.00   26.73    0.00    0.99   37.62    0.00    0.00    0.00    7.92
03:10:52 PM    7   24.00    0.00   29.00    0.00    0.00   38.00    0.00    0.00    0.00    9.00
03:10:52 PM    8   25.00    0.00   28.00    0.00    0.00   39.00    0.00    0.00    0.00    8.00
03:10:52 PM    9   26.47    0.00   28.43    0.00    0.98   38.24    0.00    0.00    0.00    5.88
03:10:52 PM   10   24.75    0.00   28.71    0.00    0.99   40.59    0.00    0.00    0.00    4.95
03:10:52 PM   11   27.00    0.00   27.00    0.00    1.00   40.00    0.00    0.00    0.00    5.00
03:10:52 PM   12   23.00    0.00   29.00    0.00    0.00   39.00    0.00    0.00    0.00    9.00
03:10:52 PM   13   24.00    0.00   26.00    0.00    1.00   40.00    0.00    0.00    0.00    9.00
03:10:52 PM   14   21.78    0.00   30.69    0.00    0.99   39.60    0.00    0.00    0.00    6.93
03:10:52 PM   15   23.00    0.00   29.00    0.00    1.00   41.00    0.00    0.00    0.00    6.00

03:10:52 PM  CPU    %usr   %nice    %sys %iowait    %irq   %soft  %steal  %guest  %gnice   %idle
03:10:53 PM  all   25.59    0.00   22.17    0.00    0.56   27.83    0.06    0.00    0.00   23.79
03:10:53 PM    0   24.51    0.00   22.55    0.00    0.98   26.47    0.00    0.00    0.00   25.49
03:10:53 PM    1   22.77    0.00   22.77    0.00    0.00   27.72    0.99    0.00    0.00   25.74
03:10:53 PM    2   20.79    0.00   24.75    0.00    0.99   26.73    0.00    0.00    0.00   26.73
03:10:53 PM    3   27.00    0.00   21.00    0.00    0.00   27.00    0.00    0.00    0.00   25.00
03:10:53 PM    4   29.29    0.00   19.19    0.00    1.01   28.28    0.00    0.00    0.00   22.22
03:10:53 PM    5   22.77    0.00   23.76    0.00    0.99   27.72    0.00    0.00    0.00   24.75
03:10:53 PM    6   25.74    0.00   19.80    0.00    0.00   27.72    0.00    0.00    0.00   26.73
03:10:53 PM    7   38.00    0.00   25.00    0.00    1.00   29.00    0.00    0.00    0.00    7.00
03:10:53 PM    8   23.76    0.00   18.81    0.00    0.99   27.72    0.00    0.00    0.00   28.71
03:10:53 PM    9   27.00    0.00   20.00    0.00    0.00   29.00    0.00    0.00    0.00   24.00
03:10:53 PM   10   25.25    0.00   23.23    0.00    1.01   28.28    0.00    0.00    0.00   22.22
03:10:53 PM   11   25.74    0.00   23.76    0.00    0.00   28.71    0.00    0.00    0.00   21.78
03:10:53 PM   12   25.00    0.00   21.00    0.00    1.00   27.00    0.00    0.00    0.00   26.00
03:10:53 PM   13   25.00    0.00   22.00    0.00    0.00   29.00    0.00    0.00    0.00   24.00
03:10:53 PM   14   20.00    0.00   25.00    0.00    0.00   28.00    0.00    0.00    0.00   27.00
03:10:53 PM   15   27.00    0.00   22.00    0.00    1.00   27.00    0.00    0.00    0.00   23.00

03:10:53 PM  CPU    %usr   %nice    %sys %iowait    %irq   %soft  %steal  %guest  %gnice   %idle
03:10:54 PM  all    5.78    0.00    2.70    0.00    0.06    0.25    0.00    0.00    0.00   91.21
03:10:54 PM    0    3.06    0.00    3.06    0.00    0.00    0.00    0.00    0.00    0.00   93.88
03:10:54 PM    1    1.00    0.00    1.00    0.00    0.00    0.00    0.00    0.00    0.00   98.00
03:10:54 PM    2    1.98    0.00    1.98    0.00    0.00    0.00    0.00    0.00    0.00   96.04
03:10:54 PM    3    1.00    0.00    2.00    0.00    0.00    0.00    0.00    0.00    0.00   97.00
03:10:54 PM    4    1.96    0.00    0.98    0.00    0.00    0.00    0.00    0.00    0.00   97.06
03:10:54 PM    5    1.01    0.00    0.00    0.00    0.00    0.00    0.00    0.00    0.00   98.99
03:10:54 PM    6    0.00    0.00    1.02    0.00    0.00    0.00    0.00    0.00    0.00   98.98
03:10:54 PM    7   35.35    0.00   11.11    0.00    0.00    2.02    0.00    0.00    0.00   51.52
03:10:54 PM    8    2.04    0.00    2.04    0.00    0.00    0.00    0.00    0.00    0.00   95.92
03:10:54 PM    9   40.82    0.00   13.27    0.00    0.00    2.04    0.00    0.00    0.00   43.88
03:10:54 PM   10    2.00    0.00    1.00    0.00    0.00    0.00    0.00    0.00    0.00   97.00
03:10:54 PM   11    0.00    0.00    1.01    0.00    0.00    0.00    0.00    0.00    0.00   98.99
03:10:54 PM   12    1.00    0.00    3.00    0.00    0.00    0.00    0.00    0.00    0.00   96.00
03:10:54 PM   13    1.00    0.00    1.00    0.00    1.00    0.00    0.00    0.00    0.00   97.00
03:10:54 PM   14    0.00    0.00    0.00    0.00    0.00    0.00    0.00    0.00    0.00  100.00
03:10:54 PM   15    1.00    0.00    1.00    0.00    0.00    0.00    0.00    0.00    0.00   98.00

Average:     CPU    %usr   %nice    %sys %iowait    %irq   %soft  %steal  %guest  %gnice   %idle
Average:     all   25.86    0.00   24.64    0.00    0.57   27.36    0.03    0.00    0.00   21.55
Average:       0   38.85    0.00   22.08    0.00    0.63   14.88    0.04    0.00    0.00   23.53
Average:       1   25.55    0.00   24.66    0.00    0.56   26.96    0.04    0.00    0.00   22.25
Average:       2   26.77    0.00   26.18    0.00    0.56   26.51    0.00    0.00    0.00   19.98
Average:       3   25.05    0.00   24.94    0.00    0.59   27.68    0.00    0.00    0.00   21.74
Average:       4   26.53    0.00   24.38    0.00    0.56   27.50    0.00    0.00    0.00   21.04
Average:       5   24.68    0.00   24.12    0.00    0.56   28.31    0.00    0.00    0.00   22.34
Average:       6   25.48    0.00   24.63    0.00    0.56   27.56    0.04    0.00    0.00   21.74
Average:       7   20.58    0.00   22.98    0.00    0.59   36.52    0.00    0.00    0.00   19.33
Average:       8   25.59    0.00   23.37    0.00    0.56   27.15    0.04    0.00    0.00   23.29
Average:       9   26.29    0.00   25.47    0.00    0.56   27.88    0.04    0.00    0.00   19.76
Average:      10   24.64    0.00   25.71    0.00    0.59   27.83    0.00    0.00    0.00   21.23
Average:      11   25.56    0.00   25.22    0.00    0.52   27.63    0.04    0.00    0.00   21.03
Average:      12   25.37    0.00   25.22    0.00    0.56   27.96    0.04    0.00    0.00   20.85
Average:      13   24.46    0.00   24.05    0.00    0.59   28.17    0.07    0.00    0.00   22.65
Average:      14   23.54    0.00   25.62    0.00    0.52   27.52    0.04    0.00    0.00   22.76
Average:      15   24.86    0.00   25.57    0.00    0.59   27.68    0.04    0.00    0.00   21.27
