0
68151
25937
21086
36229
32317
27540
41935
15696
16007
24838
41234
13187
38960
8484
36817
19197
33105
18728
29258
10560
29700
36620
47
19553
33365
3594
28301
22264
24887
8123
20760
21945
11776
21025
14212
10250
17990
15042
23434
14178
17638
15944
18723
28123
2517
20224
9286
22128
6558
15859
11028
14026
10524
14642
13174
18353
24688
5478
14972
23469
5991
5113
7455
12488
8401
16232
9882
3723
6975
8569
10118
13507
7643
13231
12414
19959
5223
3705
17942
2555
10363
12582
9825
13324
10540
8810
7856
13171
14891
20
9585
11681
11342
10713
15701
6025
13531
10027
7929
21005
1541
10778
7094
12468
5109
6444
14692
8516
10811
14580
4548
11126
7153
21102
23121
12248
29
29
11506
5956
10927
11314
11332
16376
5626
27
8627
7109
12609
5662
13943
9775
14434
6836
13675
5270
8453
9681
10474
11585
8478
8564
6279
9785
16847
23
15680
2746
2945
9106
9721
12520
16412
12385
36
8580
10434
13228
17580
1129
5894
7003
5637
12683
5653
8483
16072
8408
2110
9463
8878
6582
18163
7716
17219
74
15077
17
7711
8176
7276
6327
10456
10479
4971
5602
17599
3431
8136
7716
12714
9665
10279
2445
5092
0