0
65142
69704
31995
45640
62630
35549
47570
58583
29554
43245
48587
47769
40339
40299
45264
48861
38853
43478
39754
36307
29233
54532
16981
29399
43716
27961
42530
38284
38421
25411
27742
42884
25655
32013
25651
30346
26804
27290
41993
23845
29248
35804
26320
39494
35385
25419
20458
35766
25627
28616
25929
24505
25151
25010
29901
43011
33697
25631
17900
24538
29573
9811
14817
20419
19945
17392
22902
11855
21151
16182
17530
17872
23331
19376
20189
26872
20953
13554
25659
14144
17862
18843
20181
21846
19961
23553
13008
21442
20876
11495
15412
16717
21389
19808
17330
18544
15502
22118
17604
20668
15923
13811
17773
14989
13327
11103
18586
15089
21591
19260
10730
18810
15919
23634
26006
20425
17667
9581
10993
17407
21464
17947
18013
20421
20401
5986
13019
17112
14217
12967
23265
16494
18518
16484
18432
19697
9083
13160
24248
7738
15496
15532
11330
14737
19345
13166
15315
13387
5747
14898
14849
14999
16087
15991
18689
8110
18388
14660
19411
14099
8895
11838
11800
13596
8900
15482
17068
18070
8763
16258
12564
14116
16647
13625
17800
12437
17127
6944
9393
13559
13651
8661
15470
10837
15258
8198
17064
15780
13975
13165
16625
18293
9274
13445
7565
0