0
2197
35174
68
13455
24057
71
11505
26362
59
5660
17485
8841
10553
10686
4224
15506
54
19719
66
15324
32
24409
55
842
14897
6755
9526
6352
13569
2877
4369
14127
59
4386
8675
7321
1051
12796
4881
7153
6374
3403
6104
16302
5308
50
8305
4722
7727
45
6344
7859
2687
5056
3137
9007
7266
8551
50
14919
22
43
4465
2606
6125
31
9668
27
4592
16
5711
4477
2716
3603
2913
8433
5411
26
2795
5647
2983
2063
6575
2217
3682
7925
32
4363
9685
30
484
4234
3073
4360
7036
1755
2942
9028
30
7300
802
3752
4305
3234
3489
2373
7900
1839
4174
4974
2085
4413
3528
19465
3021
36
23
30
5710
6538
2291
5438
7970
3738
36
2104
3043
2317
3663
4838
7049
3287
3002
1859
9250
30
4237
8676
48
4648
4421
1315
2758
7244
3612
886
5922
19
1652
5846
2565
7515
6943
22
34
6322
2432
7978
2652
24
3414
2743
3541
5520
2843
4711
9575
26
1385
4570
6626
2469
9782
4509
4047
32
6336
1150
3633
2479
1918
5186
1485
6624
20
3598
10139
30
5831
930
9336
43
5351
2061
188
0