0
16518
69334
54700
56778
64128
55345
68670
60120
51992
42718
52364
60828
60328
44442
48543
58728
38021
60623
39304
48723
38169
59607
52792
32409
41710
56409
44182
58172
39450
47225
31963
35837
46526
30937
40734
40360
22956
36269
40899
37174
40228
35265
36580
36441
44842
45557
42644
29167
38327
28382
37278
39165
28559
26605
31599
33426
49124
35276
23502
30082
31292
31173
16631
23616
25232
19509
30140
25374
25949
20079
22641
25053
29387
24838
22827
30286
24149
21070
20044
28692
18401
23299
20610
27035
28773
23148
19598
23975
26927
23109
12309
24950
23423
23143
24980
16274
22294
25264
20451
24739
12970
19243
20706
17846
17327
20803
20420
19276
21223
26483
16282
25473
21874
25020
26798
19328
21468
14106
27095
17758
22304
20090
24735
19781
15260
13330
17425
13661
15490
21699
19996
23183
19746
17616
20856
17074
18383
18919
21458
16318
15875
14558
13178
22460
17010
15883
17378
16151
14179
16267
16079
18033
17850
16586
18353
20185
15786
20869
20542
12384
11060
14296
17101
10728
14758
14848
19406
19151
12943
17952
14723
13691
15405
16867
17837
10197
19608
7785
15210
11312
14145
12572
12047
14684
11731
12172
16257
18071
20748
17615
18183
15233
14884
12692
3862
0