0
32
63
48
58
87
60
81
63
45
61
56
48
52
49
442
50
47
37
74
52
50
45
48
25
37
46
39
53
56
33
30
203
42
21
47
42
37
63
62
33
33
138
24
38
47
43
25
28
33
32
34
34
27
37
27
35
36
31
31
37
20
26
21
25
23
27
42
20
17
20
14
23
44
33
30
34
18
37
43
33
32
26
27
33
25
22
47
19
23
27
23
27
33
23
29
29
23
29
41
37
23
18
24
20
16
24
25
21
25
28
34
30
28
30
30
24
41
19
26
31
36
24
22
30
24
30
23
27
11
25
31
36
17
28
31
44
30
18
24
30
22
23
22
21
37
23
28
23
23
28
31
27
35
30
20
21
35
16
27
30
19
22
15
31
20
33
28
37
21
18
35
33
24
21
31
13
30
19
15
23
29
17
28
16
41
20
31
25
48
32
26
35
22
26
22
0