0
79491
94206
61589
76340
68092
62050
63625
72234
62339
55914
41760
83334
53914
59784
68826
53700
61483
52170
67470
49323
58823
61722
55708
47098
64434
60240
64150
58673
56607
43340
46179
51212
49457
42512
46452
58927
39298
37157
57075
42726
40976
49490
47792
42791
53290
52239
42977
42647
33785
53370
32394
44725
37305
46579
31159
52988
46047
38747
34247
39491
40806
29797
30032
38111
25624
33728
40935
30134
34329
29086
25864
29269
38627
31916
31606
33771
29395
30143
33306
29517
31074
35036
28744
37266
26065
23426
25051
24780
29394
24706
21441
20515
26376
30820
25451
24532
24987
27720
27816
24850
22050
23628
25056
19703
19621
25272
19235
25040
27018
22378
24061
21056
26110
26621
30284
21060
20979
21218
23430
22618
25033
21401
30606
22938
20277
18455
16205
17605
21204
17570
29218
20901
24357
25270
21678
23389
14926
21139
24668
19191
18893
22256
12875
18385
26037
17492
20550
16520
14111
19189
16459
17353
19451
16550
16214
20479
25337
14641
24104
15692
15278
12060
15002
15033
13681
20282
14715
20121
20413
18931
16663
15164
17361
16227
18891
11643
21012
11384
13177
14670
13613
12530
17755
15646
15427
15811
16512
15486
23805
15198
22140
17416
13372
15496
10088
0